120374
264108
465219
524443
329231
879351
768767
688057
506234
567463
555578
42576
788337
163524
251684
82203
868784
277686
603273
287591
970845
692285
471624
615862
52151
924163
516989
169584
922113
728325
279408
407147
973874
32901
656973
377946
594533
947462
966619
53105
830349
691048
100350
647032
119531
509025
126669
874588
368138
622375
94410
121995
967221
487671
600990
511031
440646
404356
864258
684628
133629
41167
147647
148750
167159
143693
673109
34892
671142
214038
875714
987579
113688
244642
416657
345075
883814
382938
155811
586649
787198
71855
647068
763954
762412
161758
105169
53333
854268
121665
827705
667076
396656
169099
735695
465117
548352
242914
287460
521554
560762
657398
779078
172791
651481
757007
78216
55580
339679
141962
146979
362329
620947
2680
683560
687118
546875
552580
875094
199552
562948
365612
953457
178390
419839
390033
107467
888455
754178
593584
127833
839814
659266
218493
303469
331544
785606
928399
996849
987174
521983
429524
884418
631146
561663
410046
916131
265757
456622
53949
51988
798947
26866
755398
298951
29856
962206
659032
895369
340409
553667
937142
841993
346608
405031
541673
782912
926308
532096
705197
853175
262241
345486
871854
57958
316156
562463
218774
37357
403588
469429
359763
652023
366811
498099
827754
628219
797075
144052
622769
165143
99229
333351
605578
195246
2935
661786
363195
350430
56354
225386
206544
29473
846741
669698
794838
346315
48546
999634
524659
770611
418194
451194
889726
773358
490937
659603
4375
899885
776141
215156
971613
167652
48347
820838
366490
611833
144607
893805
261397
907165
919282
379256
79335
513573
680574
147047
887101
572374
719361
554573
843572
12107
105968
576018
661694
25716
747333
323822
615611
785825
739753
728855
966756
219960
273746
646423
710152
933909
737870
193743
636186
162258
869604
877307
648460
982012
342008
823208
29274
592406
43343
755083
818143
346697
463654
430162
381535
625451
767632
556565
741471
705725
76848
249564
194867
492314
630339
837728
705955
402355
654928
24405
60393
225830
92999
28958
833328
990570
853699
956747
59032
358030
453819
612570
918243
724108
304788
443519
129230
390756
141291
170533
261186
95234
269910
858203
44558
890373
503018
773800
887040
87936
967207
140884
157017
536809
716168
427804
591108
974586
398059
546372
877441
408662
843099
437145
578118
438776
497895
561862
204012
853924
630778
693322
892254
750382
854522
941277
131496
262837
85905
383785
895218
846774
281350
565416
247720
493771
792508
986507
957086
447690
515195
969465
390144
398525
375944
459595
100914
863110
278279
979286
182242
172945
57948
497965
23227
251779
434877
542113
497544
832019
423715
624425
938960
925889
157060
539226
516762
987796
193334
562281
225665
244060
339264
750508
788518
39991
602222
68665
477327
482359
491237
509982
531554
331870
710757
189609
698520
830724
175261
815380
380161
583541
472587
395547
155631
769899
894422
419705
789510
293344
949011
565438
557527
773578
321303
366513
397422
807692
352496
346909
448979
650693
724735
943814
662707
972252
557940
54545
101480
933163
644016
359662
705865
40622
821930
993720
716279
827042
488881
375669
807761
127146
783434
670639
145562
761231
86919
463503
327310
258593
665600
165958
552106
452949
704364
58764
301321
623581
792369
333722
737687
787142
976100
514033
23137
259901
340285
340245
383834
535500
72201
818456
395697
334617
376272
563741
245506
203734
708739
220041
862109
550791
366240
562215
392549
360464
144316
698612
256027
601132
141877
365771
904658
618108
475490
438878
618334
454279
794920
960636
863022
773458
374614
302500
481217
496753
741105
139567
126358
263380
762641
734858
174888
113265
719488
449536
390220
713090
954535
942731
803216
13106
804063
737669
886742
793738
559850
799185
680059
272331
162514
742422
243193
985641
446113
606679
972787
624440
975854
906222
880258
30395
892361
772637
945619
480810
271940
54138
252521
194211
801578
741978
931127
381179
33023
763850
820327
612391
265263
369833
592936
58675
339183
406861
921455
268571
958461
878061
860269
99838
944697
438150
308843
644520
961857
394956
931774
912145
900930
197420
498457
177224
937251
809466
573481
619175
640845
202905
727080
390817
197303
565856
614312
308477
697752
492656
677943
474597
201402
83285
281928
30442
381034
494665
975748
535493
173331
559380
168127
285266
885547
51581
146259
967963
168888
16591
130822
979173
494898
833036
768904
305967
18323
926425
865627
491187
916001
158513
249404
777164
606637
889455
138024
118139
850425
137810
679358
16935
568751
287022
618263
16928
361947
65691
253038
984560
112232
405621
25242
973418
556654
591828
810137
884240
556550
979508
353505
471599
948448
911420
394293
192498
458559
577423
675716
912426
619206
921265
222725
487064
106509
175640
402368
19029
458811
730921
163772
693230
951748
299320
285724
814678
406312
818021
622372
892105
421821
683886
416709
269317
5964
197211
958920
845413
591758
241803
674616
345360
704800
606148
17783
109949
813951
552076
451367
655043
664290
426983
936451
565522
808472
189532
797388
299529
539208
643009
633196
116237
271984
926218
624627
344096
569089
440187
364898
409259
144784
102988
768712
693614
54728
480140
123169
884881
184675
273167
271849
615200
697406
690191
649688
822962
406732
754813
834259
353476
420336
144232
585648
286776
955009
952401
958433
486469
43903
256137
170
176394
426010
839748
608760
16558
987520
84270
57197
894017
841656
621280
244130
676573
712639
885889
13369
494211
640506
665213
41704
898524
354883
86005
812955
468024
115448
346541
412968
728720
213676
982974
16822
47407
135873
780542
326269
377785
444275
836255
453706
464980
764225
295483
204767
421938
256882
557023
83843
72842
128068
616324
546650
700183
438246
323489
778784
609117
11327
944257
711316
210287
897188
302210
647973
976722
383757
641511
479773
885350
904461
386766
579582
294312
654844
175049
794801
566667
842658
290674
758539
396190
357672
183012
624185
217164
592672
653563
46283
429877
373309
336697
797042
818351
634930
345092
860487
476786
507342
672803
289691
162345
916557
741628
769756
311466
547296
473712
74143
929222
117618
324347
197897
419826
773335
492567
106958
209625
257478
77828
838275
644246
10811
88487
2687
18065
357663
420617
843652
459502
192809
274976
470720
176569
295612
151627
476961
889804
53894
915366
663215
816021
714877
72867
234223
666763
104811
122381
736182
895744
378201
693694
586418
167167
374427
681003
823458
195843
491031
105891
774514
580657
551414
101040
462599
394177
482562
316915
473767
579002
692251
611305
827571
551228
637680
719491
533888
671568
553330
327025
614871
93788
529056
946643
263267
112347
629210
964678
11260
652674
423646
155174
697621
847268
870905
489111
992617
215023
269146
843499
489868
497202
559269
617361
626075
899674
942674
481224
704389
5349
133833
230090
502088
746175
420368
757186
296285
827700
858963
829895
329294
616735
774811
373935
685464
636529
339410
369409
592972
309913
89885
696111
374058
271390
484738
385131
204035
359796
630560
704908
718470
584226
342403
604099
526720
466704
545795
213388
551980
847413
130952
58004
827630
423604
744100
119596
215871
302973
74238
129279
910712
60093
598037
661552
424885
848340
816138
312026
865796
411811
984353
791836
178758
321476
46396
4154
368867
916071
273721
132051
541947
305305
659732
259020
217039
860629
403473
764097
709891
598737
333606
40228
901169
706881
216525
835054
173820
284699
981744
162537
824278
373069
928419
57441
429752
849316
524759
918144
469203
248196
807812
75379
322723
628534
582117
667628
996513
583976
320927
970735
311220
264818
879062
177102
491154
708743
532426
73632
578648
965675
225530
328188
945264
865189
857355
255376
994542
108555
770159
97746
854021
87377
679371
943829
334035
554605
714837
586177
498081
659475
388187
762805
543490
700074
413835
451586
149594
751988
183127
523624
957850
253345
538523
475980
614415
914786
726261
618219
215203
168315
632869
63162
67799
112185
350340
250018
249618
348300
666750
961509
871136
411800
468284
83368
585571
956594
352575
409406
211955
114929
462773
8137
261269
304302
455304
585975
335470
289960
314935
1006
317720
502213
818232
334760
109044
619131
545749
652043
493757
23919
716056
280823
693275
961173
275488
993373
197447
890542
136076
704832
599404
374534
216285
34892
142334
35037
945508
22356
842425
327393
322177
448243
561447
534789
409182
508660
457817
979434
578942
164164
295307
441935
839163
801929
683242
834222
872496
248122
820752
403255
683184
836456
577168
651092
987569
935029
62545
162504
178535
198827
737649
330999
489507
522127
300157
739599
75872
697606
54583
208194
892736
429065
988188
811108
574045
791726
265869
337317
887809
758315
966645
473717
650959
899237
31549
477417
239566
180628
550390
924281
112567
955500
548860
600969
788921
834028
617357
700449
410238
925784
273467
180252
571087
906867
504098
65714
785008
927845
542408
710862
344534
901132
321220
144199
900785
934550
443637
364218
686617
854880
554494
981586
543505
201156
785856
115553
95908
901771
923499
235796
837607
716383
396955
850280
215120
917907
923863
418017
184152
18530
971062
499141
701321
433063
691676
598110
671666
494176
916223
77117
253600
198435
364776
479065
801208
711767
483142
478790
689803
380845
721971
756031
675234
847073
293063
883045
700424
90407
780699
161480
452793
177021
444629
362493
319862
860282
114040
133937
579214
87063
288526
287551
920739
780042
508209
701365
50007
534067
34781
402668
477776
824317
473169
825928
488852
394668
351884
390093
783242
798878
716072
458722
91277
287074
831458
935743
4232
395546
457899
954136
788902
279101
352042
334048
599536
249188
667330
75956
584338
125799
791046
925045
704954
652643
49480
607638
503574
528062
47059
86159
610748
430860
667660
131136
518682
124867
788301
298226
169619
575264
430577
320481
569828
959078
339588
998499
275768
190684
950706
936700
372997
619065
523913
26879
602860
645413
255279
573143
513742
570430
617398
415010
442635
385032
7504
159330
122268
665854
959064
952208
643070
961532
606918
101233
786277
986670
687317
735766
718956
125874
308273
448700
72694
277912
59477
140895
885553
843167
326175
374909
71114
789651
723652
735101
429587
347338
641626
305932
919175
40990
278421
999253
321153
104992
897144
625869
691090
977303
736867
255343
781604
265093
967079
859570
148136
516670
394902
161610
48946
176973
107141
951324
162531
356804
389746
835629
697631
400523
123596
506570
396582
24293
256099
878681
129687
638810
531622
828465
920088
697437
310248
49254
417663
18829
742890
603888
175906
164528
227534
591896
190412
207250
12786
231895
730934
47432
177779
755003
193243
355229
133089
543660
777566
17429
817623
461427
595717
157859
684648
950511
110495
543125
48410
353554
196917
469067
375958
401145
571628
919641
527156
515128
95969
609748
962113
777590
745803
574967
948184
429414
287192
653460
690843
922108
205095
497320
117337
379327
742848
791702
876112
40199
842422
870766
896626
401298
281638
818585
563987
240450
448286
295514
490874
746045
380110
944941
1954
60336
141049
151941
605385
578881
707587
748814
732567
976534
290343
783852
137651
957317
468195
231476
785970
655567
378380
809263
567596
173527
351231
964966
430418
19994
904899
381282
457924
345586
45029
148882
823419
378795
503413
191231
42207
334609
446203
467795
615975
632450
35020
737521
828162
851634
992387
793495
454134
220120
88699
846791
547788
146278
19623
436552
507953
218223
64699
685355
49947
348686
59004
59769
51827
701475
670081
58355
248668
577962
948590
145585
726405
997350
698770
675783
925119
987842
934985
485625
660886
975749
821305
872839
477435
142568
664565
34288
404932
354092
605205
562221
105846
116101
159262
670061
884769
737711
822673
353762
831465
984651
471313
704143
391025
23721
670364
63796
236846
811722
461694
963363
426874
149088
959708
405305
190214
845405
190711
109241
613927
445016
729850
843123
774176
281243
217357
961527
356240
480113
548647
91832
419174
722671
421845
871034
284064
119463
453911
879688
947352
52394
436130
949985
54537
196746
784050
8843
867911
399653
161424
716256
12965
904396
589890
213987
246874
92458
79601
421394
374938
814053
625014
578464
505371
15210
935070
232652
881630
915388
762498
809150
236831
723523
786631
727026
698512
909599
710059
831052
566400
181172
583831
583892
67776
450757
592578
504732
261598
325224
908571
155674
474899
547342
419327
193255
286834
864386
15634
218509
117342
109254
591611
719131
880652
721950
861956
926835
60014
725880
799085
788773
829959
442711
238586
342821
344748
307559
568511
863393
632817
966621
564318
438859
549804
313935
148716
595624
214025
727775
243953
819839
78356
709858
673261
234256
999528
271544
113505
738324
306381
464692
390017
541991
141173
219291
954400
775187
332146
167808
291077
9775
881745
342623
873565
727197
795511
828568
785643
378876
808036
971859
392583
193907
437316
748140
178073
25623
714867
139990
390216
306161
865268
420800
198050
202422
653090
559420
786943
798564
116189
268134
685184
385888
216430
411093
762817
710084
190498
270548
730673
366509
502947
542054
97336
205151
991014
568563
431874
813193
911397
519597
860878
555540
423635
248825
928242
139863
835775
885647
778810
742810
287003
259907
256230
32050
405915
275576
738835
792474
557804
691769
41868
901079
704383
349427
532635
739323
75827
348928
14853
810359
628266
843673
613160
862379
528589
458783
380079
737529
950492
857
608080
984828
77008
300318
85480
898983
819839
209587
945630
473043
555525
541421
555891
972472
6521
444611
598348
773908
851682
51608
660906
817480
872177
714984
715128
596378
196423
893487
360312
126982
657083
79282
202876
787572
223071
471657
498302
125313
422631
240850
59858
453870
345687
742521
777174
197126
176887
454734
58257
567511
324001
62708
20772
223987
226399
422069
749149
425710
200308
174250
147073
850056
948885
664388
735731
345700
108500
87554
642640
322895
561583
682549
819767
79219
100266
110247
634384
13374
762987
76381
51451
591375
619064
624138
929813
818243
684601
808639
73305
742111
174301
388856
957950
127641
738078
641315
29620
84498
104222
165621
240572
94643
607734
479554
383631
653383
775295
702637
478419
932419
909374
820739
532984
709922
633234
60761
405286
651459
676754
831146
784357
634195
960075
544797
626666
405162
272980
662818
370503
483325
200486
247242
709806
911900
79886
929178
405637
144371
745739
930399
829298
126874
520818
924717
606550
97232
254743
145210
864293
772000
379931
633622
811110
753382
302906
988721
608594
613979
947938
293518
716716
639742
243179
208237
519732
442342
447012
770569
683951
345565
908007
459288
847168
513503
42437
132213
705822
226441
962720
70245
240580
243662
726380
23515
488514
392904
102106
204104
138979
913017
68944
384519
107083
318498
840263
218956
589607
392426
762514
601985
710411
699459
205181
904563
117417
887051
974020
162301
484491
46446
250372
363062
866307
369975
257717
553569
468439
441302
187240
456053
391264
51032
65170
402693
262715
70524
269448
904469
736163
159086
787628
989477
373794
873400
516777
619997
506889
575520
123970
138414
152972
866063
798247
196489
825543
942658
15471
896941
384837
565689
414994
660179
173876
441251
239139
960375
417035
672604
478910
87951
271775
792975
713758
459187
741041
484624
575505
125775
152568
211689
486477
324091
970552
55702
529057
636284
85047
789737
972963
705174
131167
465943
821264
791958
615172
282997
814799
80138
96185
573718
848344
889296
248024
691439
93450
655172
366620
996991
879841
100827
806145
936581
610686
94613
737580
995894
130543
438477
690694
531206
856404
82110
24622
305445
873118
84685
185080
362938
867208
298655
296269
360539
594562
557685
854859
466148
216154
915595
752967
39993
467806
665181
291114
667794
385422
790452
227674
921279
569189
887237
192126
595947
695980
87966
122437
464555
381624
587890
997243
289999
724409
193573
876497
248459
16092
364918
492628
385373
503215
129908
357993
863584
997896
858159
29561
786106
351066
892770
732878
595594
412402
552252
614337
986074
218065
78735
452495
691822
594660
43605
148379
340884
11777
399769
356625
870119
443023
935566
576491
998350
358753
952462
922748
69255
175854
979788
478267
785417
172075
257587
205803
990054
834307
775647
818579
581119
563321
606003
905813
64185
39652
632006
324315
681348
648580
471119
893279
721210
210186
868971
412766
250639
878858
535227
880065
241480
684918
161697
289518
396110
380842
769678
17858
674460
670323
696614
56850
121880
358983
574232
437981
429036
103790
360815
682303
24455
642097
375335
667384
837646
775378
112863
982385
231902
759747
151369
881343
318127
205300
483837
232226
832210
527248
729570
207002
897798
390318
656685
709319
227190
399083
833562
447394
818537
147802
363690
68987
486373
173607
802199
804286
801085
45358
623471
701296
637765
688008
802581
709594
639356
557405
677915
886537
333506
598954
865699
586767
221661
333199
87106
875443
664183
158915
225471
602359
189665
978811
544181
425401
585421
514486
383809
948072
625401
361822
887650
579740
130368
520756
100344
67163
187176
683117
7662
680434
36497
435893
471674
448097
832579
950285
225869
885414
733411
39669
80699
140030
200796
169177
864076
917302
54403
579635
186579
841584
546759
345096
98942
135864
966881
808999
974211
99684
983932
265295
384672
355337
303229
145037
584184
7746
604540
475985
803350
132414
262993
472919
421575
788943
900025
731593
560884
202898
997050
354086
656229
468015
168267
988009
21495
266713
833397
131135
967610
660106
512970
278286
767080
214509
7540
563443
435282
357263
888471
559586
115476
991191
107960
754258
85843
154052
595009
39947
961032
643334
248909
382288
436572
636625
213135
115315
787311
321418
818646
689747
272568
723950
205161
758646
416464
984623
766495
575539
91674
956527
512678
350947
37054
811998
990234
405897
441453
121482
127420
278695
875178
300879
258178
988775
397915
819160
842171
755868
424795
517743
129559
425522
460209
50200
974960
74242
761488
997137
610439
608089
998750
750434
172236
433507
462888
451779
747423
686384
67580
402767
172115
974780
476378
647454
664611
566859
361486
78143
799659
41877
467401
972039
347128
728824
841631
615020
132621
309879
133434
678652
444420
113857
90751
266039
506716
26135
829191
678756
356024
93472
859780
544384
203955
18175
251797
544220
273288
563982
466235
218231
501727
964531
896722
796044
307513
268614
217027
637332
913653
778546
458358
69476
383348
426664
152358
807528
893172
305814
414707
644580
886109
102457
684742
663556
322758
283675
806800
128662
476826
413230
104516
965198
319341
892248
756517
179737
597485
309544
513802
533347
723697
753102
496867
415140
21501
927141
856828
791981
282678
963129
560728
109291
764495
695511
60240
344954
280639
323508
750430
683870
91036
724236
237279
99503
869160
588225
139977
175878
321454
165610
215050
239618
579937
97936
234980
188050
745734
450160
436641
407967
353624
775222
109596
829657
181943
540748
560369
139143
671590
917693
405988
687344
412851
199718
481883
76018
267476
195467
677800
535547
358064
194908
147202
25442
251614
389397
208375
102408
396727
328403
732616
550927
465615
724954
620553
814482
947608
207030
679926
981259
446868
285498
430557
845701
368227
680754
539934
596654
226571
42084
774781
529864
551209
136852
20570
777044
404001
971822
730616
215144
540548
260695
594588
733545
938851
226470
453212
34271
351648
186496
84834
952562
615539
531191
359609
641754
842622
938544
909305
722752
134947
231740
21039
768635
269254
303551
605241
168489
11381
292866
404623
737258
654579
833
401102
418159
850525
172799
56876
144954
790062
531316
295059
386636
137881
719412
862576
105876
744766
796611
959455
7752
597288
251073
206504
506168
26339
826913
630428
194788
586709
974232
692073
557256
17022
274806
128254
761629
816734
996438
414739
812382
393006
442181
444039
940815
908956
63049
233477
961610
387936
611885
745555
965639
880333
629704
682743
897857
95902
846416
965093
102833
850821
956504
442928
228437
827655
908751
196631
430112
780596
730309
585240
455600
880995
141936
153503
194650
297248
889007
323804
777385
901297
896826
720130
420658
998568
25330
685934
319931
328205
271906
147310
207426
379876
444993
83573
942959
237706
553874
310252
768873
358631
572516
495757
132168
339259
413541
820586
893829
940929
631214
228931
712804
629633
267084
832139
110701
210696
505374
845128
964390
867799
250301
721072
7586
490172
983249
713962
863781
348948
440089
430648
218698
597873
95864
886654
739876
70648
696005
720602
352808
327352
616932
21200
650332
789848
810081
713623
777329
670007
745287
632024
70394
228574
320423
458468
6299
591520
87503
944799
132725
682165
317576
570100
793469
799363
77165
395453
481675
778053
837138
399183
485769
683055
913863
341503
63586
786936
971019
984827
737821
926726
127224
635142
657272
499697
439730
528859
12490
659965
532393
490834
31594
151126
452278
633111
344440
336919
737993
850781
625503
421610
5181
501028
810045
497618
272129
313671
11804
597053
66203
749463
505803
323910
268530
305229
509799
558038
99039
608492
316092
170494
581924
976967
59904
587676
610488
937786
935210
562917
207791
671953
915705
797452
192346
942965
571711
634491
753221
614443
221612
246849
971776
648758
822581
413435
331868
941983
857078
863768
980800
479970
308568
249977
660593
337346
779084
291845
402169
901601
960513
820700
449477
324651
748643
390362
680412
486446
591984
324858
190640
984472
496768
888957
298712
982561
819220
370111
727365
786437
710398
927172
745445
880804
362155
960671
624660
467982
742989
152996
409
321140
444629
706628
508941
404694
67490
767434
934706
366244
265107
106549
418966
638473
308936
411444
501602
833918
465295
379862
341673
760127
183984
47640
835430
163995
221300
721306
285308
90097
775354
399071
658386
325891
274994
412566
325619
816468
114534
881232
5080
598416
926020
214228
357394
475119
394566
551503
1639
911868
940814
96621
394818
993608
373974
202021
923125
981758
913214
650801
793461
713693
984792
530227
378109
162032
323111
238561
519311
602717
602261
967363
993619
552904
311905
175367
682783
329297
473970
792321
781901
814037
260744
620352
157080
378623
936504
351919
7393
370377
261845
504703
414028
159599
690587
471682
752524
7040
159866
818757
270623
795730
498517
70218
205012
813522
391068
319485
41875
972480
578265
885192
228997
257237
369729
978420
737298
464652
249035
354330
762825
167625
818384
490683
913700
624919
85665
168228
387075
378821
855685
124266
879979
749447
980519
662545
53254
433011
259900
100109
612226
415290
343207
143790
231487
304211
97199
719772
828246
564030
563421
352725
189003
592706
628379
402147
745165
254947
912249
790505
366612
537868
330947
373867
893723
135321
748195
305236
427174
734426
626097
433638
580830
404329
232413
661606
664520
886682
478200
351623
904820
77093
652362
6588
282675
224686
160697
422333
527242
67159
518711
79492
946379
489829
670744
891423
915012
599178
242953
557601
302833
3625
14313
535340
85635
368059
887096
696822
177886
867920
348337
367944
557227
708537
967133
202444
390790
601672
343957
748026
966882
627741
429603
490032
510480
890424
908476
560254
443253
393595
872381
633280
899239
819195
83313
412375
429114
921684
18674
868777
959523
676557
247010
548102
242352
566667
880596
553058
844713
341534
79956
643059
303564
849655
657005
439728
555006
416141
150445
417345
802135
226808
243535
374389
496908
127767
759611
630240
177346
503408
581148
548026
646831
566600
481971
515795
717941
688739
926546
415649
992643
449679
284573
353223
635788
676275
769025
806091
998974
51410
686849
905465
468597
519560
709373
71720
78437
881522
257856
718126
265614
308545
571616
667471
764135
410568
426536
458515
227199
397652
731475
933196
589304
373146
474028
598072
229976
135104
454341
674433
756012
359758
288440
273810
331875
246098
640186
892564
167827
864874
508571
980668
620832
516920
299716
990330
145358
369210
88364
750360
881555
975444
406733
956422
205089
175801
151478
953862
702484
872055
505328
806933
239515
629717
971604
154161
247162
592752
765479
705666
86225
788502
634266
500294
473282
508686
344284
708478
668189
31275
551146
385595
783022
271933
860928
550596
430652
874242
325806
411575
231765
834123
525500
449808
573555
19833
711398
948759
395049
842866
697127
382012
947575
307935
167336
509279
39946
469274
385595
159982
226503
281210
121202
711968
160201
327555
117620
41135
298308
947882
760117
408562
393889
51238
308228
233962
792462
698531
987996
646629
712841
810448
967451
303441
992193
321948
775893
598048
154337
846480
284097
853859
256339
755776
975494
367173
416283
603591
411980
29869
999063
885021
667801
237691
171992
461170
688626
700885
387361
586904
157782
755614
624344
47431
813920
977987
718077
89809
973236
480145
239495
661470
17829
988549
766351
486720
166155
106495
356884
273224
905880
481211
340700
635521
161709
538532
277720
332635
314892
738209
28495
268112
525986
380826
969107
796656
755698
607932
857162
15489
145132
689031
181981
444614
707020
579389
371217
790363
226663
995365
908404
870887
65504
428040
55104
511325
105723
704747
65772
230945
615119
917216
906374
540761
820540
878691
201081
729055
323604
383657
107470
35502
289370
250795
923733
527796
582683
77519
607050
331581
818690
411376
280178
944878
460712
768946
230160
350709
157959
383164
289104
797581
195223
775095
413347
458769
515075
281425
701513
275436
897534
19997
729930
611467
383287
297771
291927
767975
326192
141581
286953
813473
928033
79789
723575
41157
757773
924332
914066
873910
501139
359325
56275
583917
141366
320482
630350
397282
657193
166989
437581
704622
237353
91490
206197
706078
267789
206445
119174
572633
528577
982773
224243
298726
266970
652902
724341
505840
23899
248238
656423
830911
785105
897994
596641
485636
7694
594061
501121
92050
643839
666458
26834
888797
468610
513169
707917
431174
625020
714249
827580
934858
104186
389389
652719
995449
128088
96306
268882
805875
684427
475863
492172
865776
721742
711708
679081
947706
646737
560841
355072
920083
446369
634783
268200
532371
992419
577645
538922
640226
715650
725050
894
19060
672159
226050
261183
209753
890269
225828
602549
607100
252443
742605
977514
419320
928954
5174
234819
561933
772773
913423
380283
900806
748773
733232
690522
887374
721237
966632
509805
281067
183757
551407
989198
737230
781063
292795
262114
546816
390721
312307
680671
186574
726959
25609
965820
284881
994181
827116
273980
345236
646751
114652
956459
298062
803912
200375
653296
218646
204084
854091
141419
536737
165425
91489
207046
243187
994712
774399
443214
183634
307452
532579
461193
697527
69281
407817
653955
721296
389118
513693
465259
423335
939213
464052
853403
685496
144942
742328
520500
264722
595970
81621
102238
143613
830154
850842
292143
792532
806388
38492
214900
551171
119492
538234
266413
365531
63043
787851
529433
131854
575027
672699
425762
863013
390237
246043
116017
553196
624186
361784
960865
346508
623292
729662
904601
270553
551647
8556
483955
394607
458097
297142
214909
392880
77940
312253
234736
846376
227469
981900
942684
638476
66257
140352
467788
986923
199379
485427
2419
102312
768286
310280
127617
345165
60324
953481
921233
924071
672279
49892
653094
668857
660362
402912
236
354386
606131
565676
775762
458470
505988
770973
98070
33792
390887
574337
159644
116332
515465
188014
265204
945426
123497
621005
250239
446040
869189
131894
267949
471202
915210
164815
665805
672004
552528
84878
689372
297957
756140
554418
847321
555849
24915
189473
13555
994530
44681
311610
324573
105290
415986
691399
902435
608989
882468
148389
405897
884879
147319
67286
186092
887627
828696
443249
846873
676904
672403
118560
265937
164210
273016
948247
978165
250823
156023
149437
699513
972002
213616
92403
664387
448947
721343
213926
848875
502316
731307
661976
389711
186117
610431
414349
119438
59879
706728
357327
761573
136754
126266
489043
830139
468641
703293
82469
934624
693798
570651
198555
888086
971452
791536
162497
879227
364371
4437
925287
487390
341197
315454
515107
68824
22242
586364
341747
362826
45262
987057
658799
897639
690368
306480
327702
72012
787106
446914
157978
269624
8164
611715
710640
651138
677345
175299
552956
686563
549266
98888
49433
672661
284026
180714
123018
260796
256664
623438
71203
806667
843746
82168
241085
558254
988129
52985
271841
765528
279659
87555
135078
987916
269015
544348
705631
501588
876395
470780
241238
63652
863385
919449
552239
426692
623112
270198
754677
561037
714791
942619
765034
516911
403654
49683
576612
511538
624984
464430
283138
813171
202666
832395
538477
87788
181575
361864
175103
982069
613039
525811
588826
611286
725225
976951
529059
138432
180754
980865
336403
698325
940539
249306
119473
25691
520162
441729
208202
852034
481084
553098
448391
453965
123255
547602
99601
535152
550880
327417
328365
447962
939866
256442
595019
137604
850182
44180
376381
400353
347514
33430
497760
841255
909341
868427
773151
143944
138670
490376
113165
633058
881398
891113
142259
803013
869500
112736
175345
27012
80020
207495
368835
270988
777845
430915
398773
636819
911098
829547
780998
372439
933627
148241
300004
437239
537768
343374
474409
129517
594321
193747
29282
164509
919590
18076
751829
785052
218401
305185
757083
440811
6875
999083
569920
555292
249076
279612
960228
928374
989908
568478
193963
265362
890106
113182
726757
295482
382530
515510
464301
594906
59282
251751
175697
742614
595242
707852
752621
741114
392708
210105
212137
934452
126744
420471
572393
446070
789310
879220
679542
573194
726436
152965
728085
845232
397706
275454
320004
916327
770408
914295
567558
119451
493593
981234
740354
639098
121874
696746
89170
480988
199635
528262
213644
307854
863679
318222
254628
458012
38382
316368
636632
715999
612432
503236
111145
89852
199937
74967
532268
900788
1778
787895
842397
902796
402429
173220
90733
15354
970949
910638
489367
395259
397364
129376
676099
225190
893698
166536
911146
852124
147566
562584
459298
658666
358372
465783
615559
910693
664540
325200
988275
3866
533779
582668
536031
69845
625474
239077
796409
537844
875668
958628
204297
180548
629797
343979
750953
919262
993842
75294
931612
13613
921229
667212
708698
570683
673240
739150
690174
115264
662739
2775
785872
110955
362251
147624
300986
162517
659052
177272
260062
305028
127093
980909
121720
857550
611826
697454
873522
940121
159389
953880
130282
173852
871351
176869
659486
46039
403294
363883
244428
622520
773856
596555
197583
309984
804371
862853
295548
785060
54944
264608
792460
108763
95792
448475
806202
214436
953051
399026
929273
687222
666091
705736
454747
108155
350919
929583
570647
771497
961516
960773
677879
45380
682750
796899
381604
363610
66048
55615
172062
711930
457483
842647
794457
399023
252209
783636
611625
605071
445540
480609
41751
556782
50180
134256
862539
658993
429447
164693
467014
88973
353958
783631
908612
808381
672596
462632
704887
332415
565340
838450
925658
350151
24632
541082
110478
417908
619801
980307
800390
33409
653999
564867
29469
691908
898540
990735
289740
368779
254674
601997
156954
847609
802827
455823
494363
103243
125293
414839
153488
871504
437815
624380
833911
462512
707504
749765
913898
17244
278943
899748
392807
474696
432373
73033
420216
207209
697492
622889
720271
779514
441248
472177
531863
964468
106943
904697
824463
952194
42435
165614
833156
203159
65556
170927
869671
345879
543262
76636
458180
751219
672154
728778
112251
718879
788433
576689
713490
719712
65692
535188
558091
192159
670625
852719
973296
617458
574624
857920
434796
902570
183333
504009
221398
585560
599100
551968
325400
525251
592389
936146
832397
469301
962560
793726
888488
28147
723941
592708
464495
413819
612711
315450
537876
524193
555800
944485
936928
568565
944241
605018
587929
872612
430760
979322
107879
880220
424370
646455
93685
719900
932813
312208
771677
133407
453468
292587
796010
634713
51057
170756
646590
599385
53996
395310
339738
79084
476783
842152
490313
204132
809637
827608
899239
766285
509316
114862
606494
519075
752625
807594
4372
697258
192300
725810
409830
767698
865220
356398
385887
187110
927679
714515
35578
760379
89435
845421
52866
379591
263460
242087
200096
626996
532032
837459
489358
682870
783660
892011
28100
670708
402476
132077
31561
114732
54526
999857
615005
590543
888209
213921
683291
627362
865753
838902
911186
962865
464667
944615
469705
499532
231734
365626
740220
5188
814498
521779
292426
898636
180522
956754
678362
343348
85788
249344
270258
507987
716459
5952
291537
6050
777794
165517
874956
263547
629291
848688
38026
871121
176228
417868
675655
191851
869225
21692
111789
841592
562446
437680
142870
721128
840639
517685
519424
516013
85869
314944
581166
308182
12738
712907
605226
773022
972787
187329
20273
658201
524924
524990
374738
354449
811212
884140
221199
740686
992371
215640
233338
736733
423982
523555
522027
173303
678171
357152
157404
297916
734147
597071
329593
467007
973065
232221
740165
847977
86774
413769
157641
532935
978124
545856
744295
722663
978360
117195
294633
822949
740086
639980
381169
811771
289790
739705
84219
699413
134744
252148
677236
272351
291086
184274
785542
430788
142324
741654
480240
255864
321192
332537
106201
797803
283456
362979
827470
797137
775018
701155
595026
700242
442257
308501
875716
738383
489535
79568
562414
770193
944471
235015
899166
920620
127112
612943
522109
714178
54564
173497
786186
487693
101710
467582
492402
561204
486569
68146
549431
907369
539458
718189
962927
339977
14104
434513
268537
417678
581329
534607
366245
661195
515422
677483
3216
786203
894406
40800
864798
928055
198502
301510
451933
808711
882400
830126
702649
405062
643858
419064
998945
237346
869666
291746
906952
64341
472044
804119
387077
698342
566541
436995
69186
903246
93636
454981
551304
989967
506833
264978
64151
68409
772422
907146
235612
564610
239744
891028
857691
263265
364279
634599
178630
958575
885740
476857
11453
300157
239140
127921
108912
17105
944722
992262
857674
689961
951360
37148
444363
25846
411822
434444
797561
809012
12501
637620
682275
557686
744160
901798
31288
955583
994568
150823
346477
437858
478817
313185
794432
382080
310667
801615
95160
410030
395342
274465
855858
481999
575499
347975
42256
3176
329611
863305
926358
383465
941330
390255
493918
177124
671051
186880
826573
306715
349378
393749
113331
454084
336243
20666
29773
325087
54038
48868
54002
731722
391167
421289
88218
525528
317819
612992
132659
827484
216014
644486
460780
280099
209061
677530
316727
913385
575826
758131
841799
867561
736356
640736
105840
250765
79574
473859
933312
59554
531167
230768
325734
672815
309134
750409
629826
884774
909643
815124
328176
731432
546979
906605
15857
542882
494416
68076
475016
291135
795311
336010
189861
835748
657410
656611
602764
869441
924517
729389
941754
613832
732814
645823
836211
370681
996979
367742
60199
411159
982243
727784
242170
108727
74705
524074
724392
649790
124029
557090
7693
575068
2860
707726
598523
114475
226887
927458
375010
170101
244810
558291
35204
883958
950400
306677
324260
232450
926989
897496
53924
462861
18090
370421
761966
701059
388484
162173
303033
900978
709650
838373
409770
428011
885114
503356
396772
670344
330540
431619
263878
149866
271881
916505
358238
616656
515127
276335
753317
671859
612518
139292
652371
664522
645294
780748
830676
988347
813844
546751
556043
980763
865431
237136
674402
288291
802312
505033
812707
107502
218308
746007
910399
495452
749957
87767
558089
725938
417428
277057
968556
860300
5896
96265
67865
639132
326340
290467
259525
434050
98079
71901
407857
209721
423604
363918
710370
606481
203950
494867
712719
298528
310130
62128
456925
138508
538368
860371
633261
356681
72779
710457
237002
778089
721779
381121
817703
197046
97009
943937
834554
796616
924129
895444
179252
582018
244399
332672
872239
325186
258356
483978
343979
614515
802737
131298
191061
16161
478483
404517
445569
667289
838539
662432
589300
257352
671047
647823
887796
651904
339453
71771
742161
456476
733823
815483
651777
288172
231177
995801
579153
126525
915611
619663
3418
985701
981882
78108
355622
41843
829059
514201
90535
904766
724377
236475
592785
798925
46956
234481
377746
721485
456802
930370
422956
15772
76783
43318
710196
18726
161624
851853
199286
559996
36795
361058
104943
701627
886085
65292
233808
220595
300668
875377
366336
527570
372538
668829
541289
61601
454924
162418
963669
456408
566408
130017
916806
410235
699815
345846
515792
468163
675649
341296
465890
576564
683724
739798
234921
643559
859087
414517
477901
10991
451906
54380
574146
529890
896281
840991
576220
769257
370443
132128
721928
18104
368097
633988
416728
497529
965553
743901
819467
262618
846803
166591
359967
726445
688344
710375
5307
105199
245265
838447
340967
765109
762527
926537
846287
560581
236792
795170
440207
666313
913177
84159
754428
711864
603371
158255
202184
696258
811313
64820
102046
265761
294244
441930
332515
840070
476813
680060
599405
527963
231490
587749
96710
996553
705217
811328
355787
45727
385813
94273
618659
498069
974393
164867
42140
820387
439090
857464
735175
633517
189016
698015
972905
149359
943862
656875
933937
423550
784405
565426
649340
178076
463535
690018
25282
83792
766749
77073
963744
955311
19135
655267
31822
13408
161697
97260
853246
675655
704079
565329
673979
9445
405732
172148
814796
328792
178977
995987
507356
652171
455898
224950
104461
987109
483289
388264
884701
358148
851696
663763
602984
380330
450597
534280
402544
461905
644580
399465
63572
133782
631386
296783
147923
813118
884558
499366
354863
968658
736074
921765
108238
365107
446879
111828
516755
837854
949595
622497
195671
625607
666278
69558
802841
795924
475331
226260
174577
73066
168431
853393
250634
127682
551839
70014
916762
470431
587830
461162
618178
550444
121349
643588
160192
658581
320932
18035
783701
554874
181578
475518
749895
451912
758398
886969
724987
320769
796517
771844
888368
92901
661149
175969
586484
802119
672410
72890
793522
381970
306221
335667
855108
978958
662082
420692
676782
877150
999487
690015
294586
684591
546075
59156
422612
720175
772358
36339
161290
615082
330198
55448
613599
741674
699293
223611
160867
874203
25777
334961
51915
867078
988428
384626
934556
738152
993641
499674
273621
742373
454463
796193
643374
23967
137236
266326
948418
953413
914504
798515
681831
884154
157540
389139
889630
504045
524701
222359
689638
955394
445705
746513
758451
409926
419223
203085
861639
851568
982545
417061
525693
17546
909
548803
598070
832732
916321
814691
331150
417245
183461
542473
271966
682858
764999
451889
697959
54881
947200
942007
41235
329851
636529
354078
822279
371435
281531
617982
32827
328665
15777
951861
863732
18070
425889
951544
532577
235565
278864
920612
933777
206076
489197
193991
955803
383666
874359
859327
446371
947751
211613
888440
35633
879670
407045
155386
783780
979782
130288
347317
425106
697455
991672
727428
412755
839556
534742
501243
30460
897981
112963
855317
847252
327404
111050
69143
995559
246823
811561
605675
845879
601453
151738
581389
598123
598484
431524
963507
547461
58131
123848
758153
788432
868646
158828
883709
441646
114808
565757
416896
28883
791702
422252
347991
248702
356913
936332
428313
651183
844753
627849
542034
766469
24080
750516
842244
144617
845521
473509
520302
368892
159406
362251
116394
614402
20323
534173
788025
924670
648084
655368
534934
194666
617078
426847
321677
164754
977797
302369
41625
451525
465616
968495
292247
846350
742273
365952
936323
283976
221507
244166
389604
125849
719547
624336
951049
237998
312317
554793
510735
678192
674622
951518
105105
621464
123549
516463
319151
396417
261429
524410
69275
798428
446433
565840
137611
387374
878255
966758
207422
159364
863075
180327
507577
133487
883266
235321
321790
964782
200968
907239
27965
330803
197801
487839
498051
485712
59480
261906
780559
97625
7597
14614
983127
733540
812732
687204
983142
256523
527104
293002
79725
838052
193415
626112
202612
636189
262522
891320
637436
901849
377332
538315
411408
378472
963743
7338
510886
834434
60461
704338
83133
180592
515192
166176
521314
11850
656910
653980
620191
901189
729455
973972
458956
996764
608695
77502
214407
190645
55144
18223
346948
612120
352485
547686
542051
638974
43788
138726
548171
907963
345043
315788
572169
453891
31728
390929
745753
189866
78728
777704
910664
342791
736842
865216
198159
454704
790670
549713
688240
822180
363227
103301
221088
262311
769254
729130
78367
138310
207628
47404
436222
690835
561699
600364
621141
618682
672808
512211
156439
604523
351575
763122
984522
429578
355489
788182
607672
401940
131383
552238
891938
29343
908973
846393
246113
933237
55240
508156
249230
755826
88825
20978
902431
116645
205694
84158
875978
410211
808844
574766
861020
233030
801225
367435
506724
823081
323834
878468
446414
852363
489479
619489
827690
410870
226813
124410
806969
387544
284402
590295
822812
189277
847614
104400
285705
574111
213687
317492
477490
551576
447515
685592
300073
878793
914109
496579
544733
353515
942186
533900
922536
534530
385222
134455
50666
564760
730692
342928
192020
844078
386191
274767
292263
952440
860579
21895
373071
818750
381076
778369
548626
810994
159545
667699
607149
328941
429446
777799
983598
610187
641337
391189
504136
319394
515496
95367
104308
543354
785364
441617
526985
51749
384411
722856
64126
641661
916760
271584
153087
882265
344749
636223
813027
824595
762305
328091
374066
206212
983115
490475
94766
267583
621735
734461
257255
750624
412315
556932
802135
159804
590250
595181
75544
573798
191743
770593
283512
58716
913449
3451
268284
768197
354909
56348
97072
504967
567623
693333
378572
491107
215700
473984
546160
943565
830480
166836
329954
136602
625530
425227
764986
883880
969807
816508
67250
761282
405871
559957
243941
641723
80024
545108
711892
355136
926897
749991
626469
837518
489231
470335
986525
980713
393995
635186
895480
493070
181015
237889
756060
945077
176812
550888
489738
161797
930272
828890
566780
690437
565132
571460
450902
199781
865776
857895
854244
19863
263718
202089
972707
230408
869609
174755
718818
153660
108058
845721
638159
589394
261916
121561
718693
545070
839927
137440
650131
911792
585902
750374
966334
681826
41591
223739
708074
69297
146948
517225
453508
664147
549410
507936
587494
627817
52005
657236
144539
508246
492257
932277
726275
573142
527131
10979
662260
792217
737760
300687
958107
257842
131255
735604
93803
929939
518670
98155
446065
147404
308574
756057
558791
665587
204083
571631
365791
603218
78448
220832
647557
972825
242240
460833
45295
488109
489975
224769
363793
331966
842622
246181
165194
636297
669960
704275
556972
873976
218431
661200
649042
650397
626395
757695
511907
799094
635709
959314
604379
483690
492457
620785
838549
502286
561456
971558
793283
599126
751720
925017
838282
116580
388122
621929
89989
673998
775793
472264
601505
969966
320404
448693
253219
45163
652302
572248
444178
154887
710854
867284
515597
398140
536337
71088
60399
316013
726419
444282
507361
211210
918398
806352
97732
781994
499620
40489
529751
821320
784120
684960
776414
466391
200726
937631
901957
822771
796859
703684
8763
632751
91829
529554
625850
624796
566207
435564
516676
456290
819821
254168
535497
333408
183611
526952
116161
199242
300390
744497
298481
735597
900742
141492
809745
968145
973348
379408
407398
286850
519125
178184
50240
971315
481157
363105
212208
911810
94815
241945
715600
144190
527586
266878
575060
825284
925445
932605
788604
302926
427844
250998
545551
579667
37019
985514
996489
620965
423490
58199
48150
865953
340105
334795
910660
488495
110166
882745
758618
928668
47588
628740
672999
580777
85891
271078
291862
90437
78743
784924
582470
173615
835894
241116
96792
995554
938216
933808
787830
929210
561532
23287
73066
95712
814843
823182
33264
426454
907043
827266
637253
615155
503019
307387
134523
4004
237
105973
243083
156682
267203
164819
444698
269444
112347
900344
96989
112088
822159
807848
264399
280595
921704
7354
263311
636773
690510
906569
277155
313717
687678
169382
52499
873374
403014
860449
640662
881397
947775
216066
140508
700156
85307
487849
796516
850365
752232
941029
616355
984808
853005
115520
247362
766000
814842
133196
338767
29668
560008
458276
243691
601719
74247
868672
531117
773201
900752
172656
568207
423631
943191
1059
9448
666181
616438
404311
135390
821018
864597
374257
664556
122421
353361
785204
18003
200277
398960
258364
544258
629375
828197
771925
553009
253825
629613
897034
3155
804685
232120
872277
125562
913351
970680
749790
527174
263382
386000
640732
600906
990944
132552
779240
805580
277281
41097
491216
550411
893280
145162
76619
578222
199775
694983
564619
644724
679353
244759
566781
153156
389335
993858
292491
981637
569756
803660
501610
292788
39875
622625
18921
751186
598393
86862
520347
61376
273532
218178
568470
720938
296946
288575
350646
500919
705833
511627
987438
463506
96231
158547
685694
940154
262144
735919
148246
612939
62977
288868
881723
436871
128487
431258
812729
916012
86563
364703
963429
631703
803962
796776
970992
677736
956642
102136
825768
290338
364420
691774
380233
693013
426053
274919
894237
842386
908726
475043
547303
958530
662691
965957
943713
193195
662889
912892
225067
693901
22011
852827
106895
816496
298354
240814
418171
125226
272154
919509
359639
630717
851916
330884
881612
626399
99581
195016
665910
756526
495124
497485
481953
56003
548957
540011
142570
420006
19688
169628
489390
96880
94559
316980
287635
402238
770138
342908
573770
221143
855729
409975
472883
2900
739379
390931
204807
207362
177126
737061
111502
385578
45979
312704
625988
860345
727377
261484
828783
975281
945542
288352
717294
840172
737122
266198
533570
33345
825154
818323
441830
313564
723612
785225
582288
607913
92549
624599
795773
933382
714291
6890
510274
499929
967354
616726
583621
59294
676229
713351
861152
95586
150017
992492
665133
351503
638393
250713
356541
531274
177049
357518
302405
765431
848897
978628
195039
3167
61319
431195
900542
390741
197118
625752
487985
191073
436230
535711
21090
161303
762742
161545
570528
740379
575559
360547
64023
309973
437043
344849
193591
317151
210545
693746
401180
773232
104514
502496
229561
545587
558451
559808
980243
316289
729412
110583
158060
62838
50595
303960
669036
374379
149301
110917
915700
245759
792580
247483
540539
368726
369109
827940
684311
905347
984761
235927
434597
274018
777032
594833
841724
696791
878916
387706
575871
990107
498038
765445
813439
335417
267868
102557
176651
178566
320063
990006
417380
773300
344271
754329
849767
233436
650164
656707
481959
609763
739876
950807
402475
832973
853240
947305
725285
755673
822360
589894
144882
178146
653488
97268
208652
12010
471437
598505
628313
832064
99384
152844
944092
3908
47968
638431
419803
846959
146922
807414
402835
377263
972895
166420
178327
801528
480705
696939
137677
448389
574988
97922
99531
702127
915942
669374
811709
702546
337966
548231
108572
520106
810806
53788
69540
698717
726140
130179
221189
668931
30101
778496
916057
462329
410906
215164
217644
837604
399428
132491
689897
207864
144189
566397
184472
776113
131435
767924
699715
387449
19355
682549
601961
946618
316578
287559
978313
139651
76624
610428
194276
930481
110285
964346
168074
7646
386168
117879
101947
972669
716978
908984
302558
528732
530559
548584
692914
921892
240841
923982
353336
898633
906677
376134
724782
2203
279987
419284
147620
301352
560278
265274
584113
770624
184348
720929
663019
774537
473277
347626
631303
158002
218292
7990
646370
707534
811395
499347
652675
385316
313313
819355
585170
882931
432957
173365
920775
33765
58266
392556
992858
748029
509252
931556
595246
36090
545335
627448
693406
171618
701730
512015
920380
619582
502196
403383
971366
317448
97860
758818
44560
69095
400574
18856
869229
550532
836079
622797
488206
958651
261938
873430
870712
944207
73462
981903
500045
797958
508671
842337
199533
234924
741391
102371
473282
940462
671250
209942
521421
519231
335297
240966
560828
910361
124950
367173
687655
302662
685573
968244
141871
43224
19820
312294
271539
422417
856629
514769
121800
185427
90077
912514
153096
721149
673501
923189
302239
136438
158943
962275
177003
191735
229382
459018
113827
317877
545387
451146
899370
310907
282169
764808
888542
320687
91353
676627
188431
424538
111476
612202
16299
654251
377732
981713
503517
582876
953084
451007
264951
15759
350284
564429
842416
325782
936787
411328
12920
160553
991145
48311
651434
959020
501317
153081
566885
712938
432867
966053
748107
197435
580263
416305
498453
242321
134222
581699
808963
57862
489890
906409
121370
830400
6241
33130
995869
460242
44987
951137
823639
662370
714492
766830
767108
330025
333103
141290
355558
418776
222864
781882
333476
664795
670867
801226
540891
891164
337008
104162
505700
208689
304956
14859
277544
299821
563386
684442
786585
365309
33893
754566
144520
76959
427463
228512
5490
132822
848593
917431
851069
545927
596974
461401
51661
897719
376023
325968
482424
872183
630790
791439
69734
835270
257671
608460
814352
252336
536094
767457
306159
270395
553659
583910
292398
989091
784855
397945
156265
724210
777136
7354
526897
224873
969597
789476
757796
999432
953410
589731
955838
897177
533723
616879
627239
861074
904814
71304
418616
954328
529945
769409
25163
175332
759046
411744
64290
77919
666406
556372
387535
654860
57514
868374
803900
330707
316367
274457
199617
221717
885825
44832
379629
60183
664391
796538
320915
967640
963327
504630
121859
225793
678501
118900
264841
599192
606810
49240
839134
254740
898332
345545
402463
121844
884421
224785
130817
652383
60353
39058
953456
525837
422244
139509
964671
377098
380447
296431
240613
798155
816551
682988
59520
578136
443463
156592
305763
306250
92426
47752
966023
215099
834425
146115
526756
782646
963360
371384
852546
545242
22909
323378
47673
214589
868067
351171
426888
534275
234562
140226
885263
506395
299747
763754
542761
150873
995955
369485
177534
900669
47923
940790
32310
587462
857892
86252
524443
261807
793118
816497
144360
822433
343956
659763
611560
822342
80026
586605
615054
513383
138187
65636
930275
801343
675693
693148
128408
710050
686204
153092
47338
542404
370196
748033
786035
360349
948075
342289
208061
173359
407785
820285
818004
320336
965015
613297
454119
493698
40055
855852
491271
795222
833306
563585
986194
996470
955205
186995
333955
734615
31928
447331
906641
642561
424741
859403
858973
549095
534674
10146
336194
64165
448421
914139
751126
895885
890197
271130
107168
32780
848863
266983
55596
905589
667332
940904
407850
466856
99919
415282
831654
996530
412104
413054
190218
203658
774355
95337
208923
73559
381499
228405
760900
425412
277855
50338
389399
734577
169285
278700
884132
880823
947846
95871
220937
148265
210026
453776
494345
319934
188225
833974
416426
940138
887635
989203
182037
57487
546170
800278
473631
348574
112035
684432
530529
461432
405849
241936
238014
137343
592924
262415
467059
628107
224836
652106
981923
978041
641219
881943
632523
918084
892824
476250
784404
565801
310218
164569
599638
57654
839413
825488
612999
970143
446212
499436
568310
200744
423720
487838
532401
427524
125442
122492
835790
505766
875262
36957
987000
199150
345763
306179
696154
791513
589127
813024
503699
634367
116210
323899
244779
204315
923739
719613
148768
456600
632237
381903
537228
799247
423910
567538
438688
373288
370469
404385
103088
553109
700015
113021
150950
413124
594326
217245
611265
692063
413420
596620
485481
106642
766828
740683
149380
700876
534111
834733
351882
626572
395060
815866
942784
404471
205868
596434
939024
626747
349347
616506
351966
371811
875884
315814
312698
109817
919411
471570
11133
278599
23560
717990
557332
42969
640315
9806
302271
761631
190811
333637
344877
258399
376758
897347
87925
849136
261472
912153
826950
705018
538247
867765
472120
462482
957355
239614
614408
661845
320746
83409
706847
265053
585622
722138
184782
177794
586670
889326
820091
697058
291823
924547
155346
472493
209023
480187
651583
178485
189781
777739
542225
522645
198109
690786
275059
519124
111030
681076
764010
481539
412980
30357
634938
159273
31347
980910
991866
593240
102812
176247
346844
647520
202593
50422
414119
774316
360309
579794
718402
77490
587245
374474
730531
889130
658816
692643
716223
490397
480198
750220
905347
998048
17826
731978
917445
315132
789423
988938
168056
840876
237451
245807
959116
604265
319508
915765
966626
99466
296511
415358
198302
921049
844919
873234
797733
927988
817868
715936
80888
90098
548852
849100
598810
536537
610436
803966
185043
939056
813447
499134
968109
641897
260942
543676
426227
585335
194769
987183
382509
777338
897868
193484
906314
245755
222378
901865
983541
127781
163122
184956
432642
864814
213125
682517
217695
821392
548725
411801
107400
630569
103250
531468
914998
873815
201552
644204
213811
18154
87630
457273
791394
169985
176115
967365
74330
112507
971260
774528
979131
777141
362151
680677
822385
331400
125114
859162
932021
407758
872904
292091
873423
842937
184302
740912
377837
184043
959053
482763
272343
800370
114959
72451
694000
535703
557253
158106
979489
563248
742272
244419
288500
573310
350375
40025
299343
274784
735343
714356
235854
509038
765898
220496
356556
699277
605175
918791
1703
500681
292677
278347
336652
273891
941135
838126
106303
799634
829331
750619
107804
646445
341266
191239
310334
284695
60771
821824
758256
240890
623063
507915
271032
412532
654144
620633
437620
127292
39986
648591
449025
866942
983503
915153
610352
954785
868490
668316
266615
43770
463868
855126
613785
594059
356249
243691
63391
208830
753931
987734
531251
434350
918216
356141
326252
698531
762250
379003
918487
7579
133813
536571
291070
573679
411652
542132
715486
21543
887985
258591
210568
140969
87519
553793
503804
491547
135035
271359
552032
293474
185647
854728
864602
961321
245949
137741
584827
398414
208136
308548
30726
775359
283736
129381
484544
306188
526390
888955
528449
381793
606181
695291
923449
80213
334852
921712
955082
182390
83832
495725
838783
62828
502658
821076
857588
690522
437843
735779
406792
897386
622121
98954
374166
944032
178642
23099
468551
480544
447086
591555
844819
768575
776898
262990
172945
110591
130437
137368
779555
20246
366741
469875
435455
119588
999006
360330
242581
579722
624012
823107
880950
860951
911494
330083
133259
503742
735000
287044
659221
71034
249064
768448
280660
530990
262897
841474
529674
746356
781533
24074
502877
789812
207306
778708
29435
145424
777490
152380
220800
618343
169120
89999
333910
250897
347251
309504
325883
379407
230724
239576
26630
994882
42993
870863
661123
91455
402123
126459
798739
241553
853692
571594
853412
70557
974757
210477
854360
742803
578659
743672
319759
593862
895234
675191
996063
523982
742682
59042
371131
988470
677638
622184
405250
61150
802432
170926
749926
162399
505733
388914
794896
507970
802099
796141
302867
779670
888731
97342
717584
243831
454965
495544
198967
339576
918265
494642
953467
419436
140105
715592
495363
739637
418003
860242
659107
721802
720966
265243
507790
361067
186505
484254
463757
722552
889287
310334
606452
638280
995719
861823
277506
896899
19651
799721
882236
453758
930252
32105
190711
210099
868906
750121
675277
98131
934157
851707
987482
482372
524784
288295
72488
794003
49406
88725
730160
247385
911288
180756
316083
122807
696487
103889
895251
67875
361876
323387
968959
606783
291138
647295
275903
794843
631318
101832
414026
706575
434996
339284
52464
653004
146562
661277
512130
144743
264799
784817
375249
338539
332201
900858
956261
810439
676469
104582
61319
843925
775509
515828
697207
384526
678065
943559
637621
156608
389853
477369
249432
685856
286692
326168
668728
475715
449297
347597
155649
510616
893556
23742
884004
535529
302318
702636
517193
617026
928795
436513
137736
406254
518296
407014
434082
905679
950149
886719
456011
618440
982593
825968
218893
226003
311817
57132
438700
141072
842635
810197
892326
353436
685199
924401
426788
829146
209989
691615
841954
439868
715958
474186
680763
666206
92353
535856
437467
441211
166129
358592
484637
315975
218013
415265
216210
955472
812102
298157
313550
873538
497456
546331
122071
53875
771704
254300
19678
837224
974662
601104
33773
6912
638420
497654
989646
124440
777597
112054
710286
117899
619486
204120
947960
678660
229820
998386
394201
181634
982625
959735
777376
773171
178307
763131
988758
681352
679419
46722
767819
920802
960065
922639
395820
905891
63142
178834
287175
679633
734270
369403
156585
575274
422317
452755
999624
531325
868175
972664
533881
561798
105851
187422
213228
476109
769716
895836
3495
239949
936392
652326
668783
130234
232461
204405
651858
118343
151190
792910
227514
915225
458478
670351
299917
524394
431600
117284
503983
377797
80500
150702
51894
34574
146251
408211
286586
885578
325913
12891
71544
242685
798475
835990
339475
155160
350140
451667
620649
622578
107800
621275
615495
621819
140520
705800
661949
254029
474493
412097
740924
621810
947814
254864
192392
919407
829488
903459
225247
670025
579146
631588
930820
289874
15241
905794
536700
423664
235808
316260
216283
651341
670991
727179
494061
476067
978645
215078
770007
633864
445109
893463
14198
504522
560463
374883
772235
733603
39407
297823
85462
238293
617535
860385
166395
347592
806211
938713
473141
708990
454287
148857
271790
363152
991829
587564
69728
599902
1542
586964
504137
435580
84562
777656
647692
608473
171672
136068
413674
662583
325848
969124
18322
544673
16703
735002
860731
414870
486833
802909
501506
350212
134294
638320
536440
14867
236129
418724
203792
801791
900320
475477
481064
860968
99134
407056
945798
699180
835674
271713
850572
749085
759489
42911
21823
106232
257869
472952
443651
571719
459838
610639
223086
330734
813287
826169
263590
786958
561387
767434
47938
817805
434591
58338
335643
845489
58206
856966
375605
995646
286500
550215
648838
631451
440308
895623
592059
591508
219963
124857
980618
329662
388733
653927
116475
563467
35258
632737
669994
327157
819078
925284
984592
312610
84302
694918
382631
892130
844759
914922
312612
952917
445208
9338
293851
224658
750149
594679
927409
799722
582502
217579
694422
582123
641921
926399
285827
829940
817020
277647
609775
247821
713081
991889
284991
296451
118848
12889
545155
408929
814656
273312
373326
282307
292307
275981
512362
63345
717532
172979
508442
950176
661073
727023
174578
714789
721864
122608
380734
853063
901153
984893
160332
935757
790114
533817
789412
286273
525057
368167
845167
194515
723564
706815
418985
652059
892054
54437
628048
704712
59442
578330
331986
95342
229554
741166
167473
135848
984026
643376
80604
284612
852428
272950
545916
497525
19695
70233
875217
355083
360292
907335
828421
859157
379398
680968
561516
483747
458184
499221
926921
771277
111773
298378
67778
234704
890263
543359
420144
231263
284964
716514
445573
439032
626271
502904
102710
880111
953678
915484
632174
866448
808031
635235
295284
651211
215258
327729
208041
370018
472326
356375
855503
867177
874317
703610
529338
629139
998289
368356
367925
91568
252352
399658
838055
217097
606435
783010
137807
960749
747891
83455
218940
339345
144607
480807
303069
894768
699355
727943
293054
345309
823368
317001
671624
276199
450507
514630
345829
490774
342228
195911
927145
5145
440581
997855
653525
392533
411627
286626
262788
346024
471733
131815
695756
167174
254668
130238
65226
583291
216333
795181
258329
653777
52999
312105
763997
138393
788318
313257
759027
91180
81357
235617
160929
408581
360807
890861
326803
530179
132374
10037
198223
939210
248896
748692
941754
569267
362999
829139
831276
517437
407975
847340
97172
149233
434467
444932
675148
51456
79643
321827
355651
722865
891051
796715
992471
377171
622586
30584
884228
678926
481373
107513
391133
944253
933567
243334
799983
972583
922353
22591
156746
441195
472259
535933
886600
176848
649305
344444
445151
250933
243786
932737
347958
360457
851767
790530
16126
235029
644863
210673
466015
399899
292000
217240
196380
664634
455077
196129
308668
283680
942595
181980
463511
594483
849987
44006
804705
578164
231125
674213
814524
338087
655720
888896
398403
841072
349223
922698
583588
459210
548993
371718
167824
517261
23612
290831
401647
400978
104782
863523
7798
22590
686370
953274
124331
973801
426593
467674
300355
815619
943924
341185
19487
76559
825680
471425
68057
344454
221627
105394
836738
263199
548990
916296
228158
20410
120034
897317
501681
799968
909900
531515
718846
647703
166807
549133
744056
57716
531443
669709
883949
15476
467226
946694
10959
984251
230389
67237
413314
439379
119841
387365
908654
276062
223037
274833
433310
552527
245187
358917
215968
539425
920727
649002
808688
579568
518508
158326
467503
944898
229587
258802
482777
147686
196377
192667
543729
126515
50466
882381
8495
990849
884266
308226
888774
864417
509317
43456
655777
155831
349555
902036
703664
646153
777425
474109
719905
606305
320713
753323
524546
875549
997699
680933
778077
483587
184743
213098
609164
892574
442682
410153
623632
37100
386840
987098
550695
8069
580145
833382
214974
732556
152574
910583
372362
668340
272566
298035
892754
328246
760358
879810
49179
472764
189941
439861
93584
346260
984919
471023
822281
689020
132846
263537
48348
570437
851997
140564
510292
442512
124385
498605
160120
813405
266228
841455
415884
655403
352696
113030
681914
920998
931506
483225
473614
420329
856748
978399
690786
324073
442036
978545
639792
198712
450613
790794
157554
249071
645921
676675
842229
71544
636740
560206
214984
222772
289630
516679
859609
672103
997244
789281
491805
32948
523707
338558
640827
114854
298183
17718
327934
341127
160868
387991
162750
729879
434106
808405
974370
135155
865495
268310
578518
367351
657808
4453
220709
207853
586125
265727
975559
94470
916238
847173
351495
49656
240097
238611
996147
400691
618403
235464
822146
145390
416916
64901
536652
925804
496632
903654
55001
576236
860629
555771
785393
9632
778556
664825
327503
870689
976293
771037
652056
51679
87385
151617
328015
555864
524547
336565
180003
278972
434245
356701
395581
638143
932842
144335
721916
968545
310210
298090
379005
3234
64377
383407
839540
161736
585431
58203
679742
316967
717194
346934
917992
737984
856564
461973
451181
818762
865581
173080
136285
363583
527224
71096
407026
52674
644210
838355
141857
224952
617339
852578
721387
211989
126815
476325
667377
827617
124183
377800
456297
440806
381356
27216
646981
863287
778443
921226
325717
623072
836541
803692
746504
281498
82392
41201
880384
387420
835974
10348
881654
247003
910693
875322
44842
391845
675661
83480
509032
385048
361592
76708
542898
181114
351457
381648
592258
419287
786372
461504
540968
761290
115854
327559
722236
922719
838846
983225
791363
852621
644776
677661
366826
64999
197034
504935
235761
614598
661398
435796
975075
437116
103559
71995
97320
139313
472530
181627
430084
98909
610591
462517
490437
434127
536081
492216
743137
143875
605262
912120
693760
439404
674027
751981
272003
355612
180297
383278
825047
106186
540230
66530
47343
604726
159534
555813
427935
963510
822748
757014
512222
654726
699332
777250
544795
280409
921518
904287
889136
347549
842977
431333
861455
726034
99894
933077
409609
781359
452592
970919
8097
435143
367565
835082
116495
279299
294794
991215
174047
661492
926448
721441
313425
20970
837522
277729
394831
730552
532852
964711
832900
28688
782010
686112
826168
815574
237024
860145
521424
299022
824381
366934
490631
20287
472763
400427
959336
715582
685884
324826
657408
180297
950080
311667
171407
912453
935305
739576
227563
171692
465962
782308
958946
116979
415334
365874
509353
794442
972887
719806
455628
183127
892159
205007
553445
219060
311881
459035
556027
227812
429375
596394
253696
722129
600343
78326
482821
712530
873840
602923
392778
84577
645731
274091
291446
324908
968034
690945
669713
10429
753594
228238
489679
649098
742164
542906
174879
47844
913677
176607
785986
553405
371580
447574
904938
793338
217744
672194
822006
635668
996970
555925
58766
948246
846602
57881
506826
554062
670986
778633
654173
592381
81400
282882
910450
122974
735768
65007
315326
242140
227012
407640
617416
251195
986266
843898
110635
171510
864973
76610
669102
569435
101159
979683
113148
740534
626438
879753
108605
679651
119923
431486
281144
530993
927830
434591
694015
960994
382720
990188
494269
44072
822336
943686
840188
611897
406830
496321
104479
317247
673582
546234
879353
298438
542214
993121
12225
684817
252518
987356
911640
549392
395923
766163
756086
108693
429631
247884
262835
674604
103764
431970
906281
31210
253192
568225
966820
103274
608387
786901
765035
146770
407590
776077
204316
546809
953281
864443
667524
869184
512538
744092
239765
609977
426678
481084
428705
273413
353065
739374
119456
237999
801272
23022
643495
652009
622240
683326
919780
6258
791558
674335
269969
189209
316926
661877
261934
347755
679458
378184
33633
959512
828866
823551
326886
780142
980779
809368
128534
104208
859804
555516
198799
674636
628486
639324
843071
850238
996401
698634
992150
530426
801605
847566
944459
706227
582819
573730
334213
648152
290663
407699
628489
69498
377934
772414
654678
701569
520332
887663
431005
618722
605234
524376
542508
171029
252306
667447
529673
382456
805073
34280
581634
89295
821772
65338
726679
57492
186072
551507
298738
495293
473093
32622
921049
412767
913460
152036
957290
18640
526591
447580
242289
73219
944610
391383
601509
401183
463324
544285
860685
564173
979514
805982
610582
671779
754500
561692
986199
741030
359057
566490
931555
588611
787836
40567
693378
744201
675095
784605
193902
18209
991192
402167
826819
847643
301589
664782
655104
465997
507922
793362
366212
540014
48354
820132
867832
888190
208387
438437
519116
922536
685179
310172
852776
143561
946494
186806
287975
713167
644047
143854
321502
477192
295810
150176
865754
613903
95578
208922
894521
852012
765901
949137
634333
23566
59611
328843
593530
604864
350359
333058
721932
965547
38773
894327
652800
902638
449418
834062
745414
761468
351043
986692
813979
272500
109918
262086
900030
508410
96495
836824
398770
201150
970415
604031
410728
683628
182725
683183
766413
486375
239275
180082
521293
6277
495879
588123
213562
171900
261475
656450
78419
713371
553933
843120
365950
341483
303414
123110
428194
78912
582006
190933
927438
562979
943424
914977
460855
552321
260834
381669
765806
53874
94951
93620
565099
576186
198760
358627
952872
531906
817864
84590
540175
769350
265960
409982
60439
165628
122146
392362
395675
435990
450706
58513
832456
35841
136055
481494
943218
14531
761655
451645
772036
146789
383876
314018
169058
226635
126156
593436
538265
753198
504446
854025
920104
821533
246499
279905
158641
970302
784857
461597
305328
302077
855466
514599
643772
905491
251829
853305
162894
291260
834484
718813
423982
739195
19325
407594
464940
504304
761553
720793
95505
237579
851003
731804
778075
837535
760476
708227
724313
94595
757764
129023
205863
449206
477392
665107
771304
100968
231626
985955
606769
181431
695344
520059
465937
567034
890044
728293
261343
247848
966995
781627
276484
863225
108710
447123
399426
973233
86266
417354
904347
84211
20251
285987
891352
835387
900119
692793
242229
572540
350457
285296
600665
523338
820266
478523
137481
151553
878242
854234
842237
248808
158587
974323
543921
799565
174026
334852
430534
267144
529936
837656
325937
754820
179752
322207
457426
206891
90472
578255
875104
839199
854482
703178
752970
844517
416836
506267
967666
530440
22479
244030
925229
250902
340508
966017
482974
78418
25191
441126
203385
116101
407650
938739
94600
103101
292359
433487
289994
312286
333249
174475
233305
722595
240068
796685
699349
656833
224572
489086
891349
320737
826621
349210
532747
321261
561174
446745
302879
657415
225978
419658
42845
116170
851446
847963
483965
889212
488148
467484
202082
379479
414622
220933
13793
847601
840279
141811
160072
66578
231555
417122
458818
100564
832427
920928
463961
687707
236839
454176
391254
28414
186599
407249
338433
464114
88099
415591
401651
375319
546334
670868
343321
447980
465577
653095
450039
218352
803239
256869
695210
372682
374687
72267
92662
219845
714806
431495
972772
184506
520962
307636
279014
482952
514348
844224
941664
266436
494003
728930
193138
12981
909959
448005
56717
136834
84470
436888
817201
143137
666444
672713
278741
289453
609151
593266
686478
504349
251181
4920
259746
576752
334364
939598
358214
720088
914877
361294
887151
389600
786342
140816
284490
212192
624158
636307
698925
92312
898377
438108
463970
463804
214429
240536
520206
956308
146008
748519
815204
735197
895698
315020
729943
501124
640148
500516
637465
770537
40438
759997
203930
850890
120570
934064
358703
49773
42532
348912
195283
975777
816521
595048
462163
362570
52670
735097
462882
291208
902326
354047
192752
917561
615
397963
491553
525487
92775
793850
287418
243690
493505
281119
22628
17383
27595
483565
542369
419752
581387
539539
813795
266202
940072
832701
812265
895956
253286
370164
860029
260662
700830
87095
805425
532315
836081
386813
22274
823750
552878
840104
396623
859456
138484
318278
471969
992075
921639
622618
675969
518102
68519
67945
142996
527542
941483
650048
539581
894653
585437
833330
556222
421801
92384
958950
882655
674579
674234
313049
320193
190094
921452
52249
17363
791477
691482
347265
417200
676349
393995
334987
394302
