999836
999568
999549
999485
999325
999204
999173
998801
998723
998718
998526
998170
998140
997837
997723
997633
997484
997392
997372
997281
997261
997206
997091
997048
997039
997014
996997
996952
996936
996880
996742
996690
996666
996509
996453
996069
996006
995845
995608
995536
995499
995392
995390
995346
995329
995204
995085
995067
995060
994822
994811
994801
994720
994635
994567
994401
994286
994000
993950
993928
993819
993797
993780
993751
993750
993732
993597
993535
993442
993432
993143
992982
992951
992932
992730
992707
992694
992692
992507
992502
992468
992450
992448
992419
992315
992268
992221
992151
992131
991995
991837
991769
991615
991570
991560
991536
991477
991339
991274
991199
991118
991113
991056
990967
990916
990750
990484
990472
990454
990381
990334
990317
990307
990292
990251
990150
989895
989850
989836
989714
989652
989593
989152
989147
989010
988983
988972
988862
988833
988749
988724
988708
988583
988563
988364
988263
988216
988211
988085
988082
988033
988007
987881
987774
987255
987251
987085
987073
987065
986995
986875
986614
986450
986373
986368
986362
986262
986199
985969
985910
985783
985704
985599
985577
985551
985463
985449
985337
985219
985144
985107
984992
984745
984683
984679
984580
984320
984241
984111
984079
984052
984018
983849
983843
983843
983794
983783
983681
983607
983467
983425
983370
983347
983265
983129
983102
982951
982735
982735
982683
982667
982658
982657
982556
982460
982418
982283
982257
982211
981944
981910
981905
981848
981840
981777
981749
981707
981599
981381
981259
981217
981081
981069
980987
980973
980964
980315
980302
980203
980079
980045
980019
979893
979773
979733
979568
979492
979416
979390
979377
979349
979085
978917
978761
978719
978559
978498
978308
978292
978256
978214
978152
978073
977990
977962
977852
977793
977710
977635
977558
977518
977299
977225
977204
977097
977006
977003
976860
976707
976701
976541
976460
976354
976283
976277
976104
975808
975668
975598
975565
975268
975205
975060
975015
974968
974846
974694
974473
974437
974323
974301
974282
973852
973610
973575
973354
973282
973278
973082
972994
972956
972946
972912
972647
972582
972436
972426
972346
972026
972011
971811
971759
971743
971541
971537
971500
971461
971359
971319
971260
971254
971141
970754
970517
970503
969946
969687
969617
969532
969493
969491
969437
969363
969328
969327
969098
969037
968921
968874
968826
968787
968743
968705
968580
968537
968185
968071
968063
968053
968028
967835
967642
967628
967547
967543
967360
967044
966931
966833
966810
966362
965828
965507
965389
965296
965247
965134
964899
964739
964699
964668
964492
964486
964421
964211
964033
964020
963957
963817
963647
963467
963413
963404
963258
963258
963191
962661
962570
962542
962461
962396
962394
962347
962249
962249
962210
961957
961453
961331
961219
961038
960987
960970
960762
960648
960617
960592
960556
960510
960421
960366
960116
959700
959640
959637
959584
959575
959450
959437
959351
959333
959314
959244
959221
959086
958876
958834
958825
958754
958258
957980
957926
957866
957709
957573
957428
957345
957297
957116
957048
956694
956678
956632
956352
956332
956282
956162
956059
955861
955734
955662
955532
955492
955410
955404
955330
955286
955159
955159
955024
954918
954441
954361
954299
954275
954209
954197
954083
953931
953525
953490
953489
953458
953408
953382
953370
953305
953170
953098
952573
952339
952204
952139
952132
952089
952046
951942
951720
951690
951599
951547
951537
951346
951298
951075
950921
950888
950848
950839
950670
950402
950312
950163
950032
949902
949837
949785
949774
949755
949476
949385
949248
949193
949038
948730
948704
948609
948535
947939
947819
947768
947614
947609
947582
947463
947360
947295
947094
947076
946980
946742
946589
946575
946421
946403
946361
946331
946199
946147
946047
945989
945976
945893
945881
945868
945852
945835
945809
945736
945689
945562
945448
945393
945245
945045
944830
944559
944546
944468
944408
944402
944068
944046
943890
943601
943539
943522
943520
943450
943406
943386
943244
943243
943211
943170
943144
943059
943057
943026
943017
942919
942812
942788
942757
942737
942736
942478
942432
942242
942228
942102
942067
942003
941965
941862
941732
941712
941654
941185
940923
940767
940353
940284
940284
940278
940259
940247
940205
940154
940092
939985
939979
939941
939854
939833
939658
939607
939091
938841
938816
938809
938784
938764
938614
938582
938108
938012
937857
937763
937727
937704
937527
937322
937276
937259
937212
936801
936749
936729
936711
936620
936601
936499
936491
936476
936172
936124
936070
936056
935918
935755
935585
935529
935480
935410
935327
935017
935008
934869
934868
934697
934683
934664
934462
934387
934327
933908
933855
933600
933189
933072
933030
933014
932981
932967
932643
932593
932424
932305
932295
932249
932038
931866
931859
931844
931806
931747
931710
931687
931305
931277
931194
931153
930963
930957
930893
930855
930834
930831
930802
930770
930726
930661
930601
930556
930554
930466
930444
930347
930303
930258
930093
929961
929913
929611
929566
929430
929382
929199
929040
928832
928660
928557
928552
928258
928081
928064
927895
927733
927590
927465
927410
927318
927296
927153
926857
926740
926597
926565
926544
926529
926511
926459
926448
926175
926061
925955
925875
925837
925815
925745
925681
925651
925606
925537
925429
925312
925119
924942
924910
924852
924485
924348
924253
924158
924025
923813
923785
923782
923571
923522
923424
923423
923343
923272
923215
923143
923108
922804
922671
922657
922626
922542
922539
922396
922371
922252
922128
922046
922041
922035
921915
921867
921817
921708
921695
921680
921625
921580
921568
921486
921400
921380
921316
921313
921115
921057
920320
920287
920231
920115
920074
920041
920040
920018
919918
919742
919633
919567
919504
919418
919411
919190
919132
918906
918732
918597
918578
918414
918350
918019
917868
917617
917586
917394
917394
917367
917344
917334
917225
917096
917082
917073
917001
916830
916624
916452
916192
916151
916015
915955
915764
915737
915678
915578
915567
915504
915205
914955
914841
914714
914630
914380
914237
914157
913852
913796
913773
913759
913579
913219
912912
912672
912563
912500
912449
912429
912196
912115
911846
911831
911812
911681
911669
911634
911597
911557
911524
911305
911295
911257
911155
911109
910993
910793
910766
910662
910451
910365
910259
910250
910246
909879
909859
909693
909665
909625
909572
909567
909489
909405
909388
909127
908856
908852
908801
908697
908671
908605
908597
908591
908538
908367
908201
908134
908089
907975
907821
907684
907660
907574
907483
907435
907361
907341
907224
907068
907024
906843
906801
906655
906582
906307
906192
906113
906047
905995
905945
905891
905774
905716
905612
905420
905335
905106
905052
904843
904743
904692
904572
904476
904414
904333
903991
903845
903818
903767
903673
903586
903508
903333
903320
903291
903180
902610
902548
902512
902491
902324
902286
902132
902031
901961
901844
901610
901488
901399
901110
901037
901033
900904
900833
900765
900690
900667
900489
900478
900449
900280
900112
900035
900017
899983
899789
899737
899499
899319
899302
899262
899226
899099
899044
898902
898875
898785
898660
898454
898393
898147
898122
898080
898023
897987
897856
897847
897746
897679
897630
897540
897534
897532
897501
897448
897386
897363
897087
896826
896686
896577
896359
896321
896303
895973
895860
895726
895723
895651
895644
895538
895530
895445
895443
895372
895246
895183
895025
894995
894971
894944
894886
894885
894751
894687
894624
894549
894230
894078
893934
893853
893741
893609
893608
893604
893549
893477
893349
893230
893201
893081
893014
892703
892639
892386
892028
892007
891996
891775
891749
891721
891633
891491
891460
891423
891216
891111
890979
890891
890832
890832
890787
890702
890698
890684
890633
890541
890416
890337
890266
890226
890124
890105
890055
889830
889772
889628
889391
889347
889295
888900
888814
888803
888657
888572
888534
888534
888514
888508
888423
888308
888212
888176
888132
888098
887992
887992
887981
887836
887835
887781
887595
887458
887406
887373
887259
887222
887216
887088
887070
886922
886840
886802
886783
886675
886573
886400
886359
886150
886070
886067
886051
885971
885886
885883
885812
885719
885646
885633
885558
885460
885226
885120
884999
884847
884846
884823
884746
884734
884636
884594
884520
884123
884065
883876
883822
883688
883601
883368
883364
883350
883340
883339
883303
883255
882771
882761
882469
882245
882194
881930
881908
881703
881619
881569
881566
881543
881350
881095
881050
880860
880852
880492
880461
880423
880309
880047
879685
879611
879590
879420
878977
878963
878804
878770
878113
877870
877774
877751
877618
877610
877608
877544
877530
877529
877333
877010
876954
876919
876904
876897
876821
876806
876651
876538
876489
876306
876201
875983
875928
875794
875768
875754
875743
875574
875185
875123
874898
874857
874806
874587
874545
874508
874503
874467
874379
874211
873878
873782
873749
873599
873522
873483
873469
873460
873302
873213
872850
872847
872633
872596
872485
872445
872182
872126
872107
872089
872079
872061
872055
871946
871904
871850
871527
871474
871463
871285
871213
871165
870659
870557
870081
869976
869793
869705
869674
869523
869496
869451
869435
869403
869159
869111
868954
868693
868603
868569
868511
868459
868453
868431
868417
868410
868341
868147
868083
868021
867872
867639
867340
867308
867118
866948
866703
866689
866652
866630
866493
866413
866359
866251
866189
866055
866016
866012
865878
865787
865724
865552
865459
865387
865169
865152
864989
864830
864731
864685
864565
864536
864443
864334
864278
864237
864162
864148
863996
863983
863969
863928
863899
863879
863784
863767
863737
863693
862767
862760
862732
862592
862409
862170
861932
861888
861764
861633
861599
861531
861353
861240
861113
861076
861024
860351
860323
860236
860224
860194
860115
859974
859973
859874
859779
859752
859659
859595
859503
859243
859067
858985
858960
858919
858893
858645
858529
858499
858453
858212
858143
857976
857908
857901
857813
857722
857656
857614
857591
857423
857381
857292
856959
856950
856941
856826
856747
856695
856572
856406
856047
855853
855757
855740
855726
855641
855585
855416
855236
855072
854972
854936
854894
854886
854835
854814
854814
854769
854686
854628
854572
854528
854248
853577
853569
853555
853533
853276
853028
853017
852973
852958
852921
852874
852724
852716
852423
852413
852217
852212
852164
852084
852017
851922
851792
851602
851526
851447
851283
851237
851188
850968
850798
850615
850466
850415
850309
850308
850074
850063
850044
850019
849973
849937
849812
849703
849645
849596
849466
849424
849410
849253
849131
849034
848929
848840
848749
848644
848499
848498
848350
848335
848271
848237
848106
847850
847754
847725
847509
847398
847242
847242
847230
847208
847185
847022
847018
846904
846871
846760
846607
846569
846479
846356
846314
846307
846119
845988
845805
845702
845501
845469
845402
845304
845301
844829
844803
844702
844688
844679
844503
844455
844436
844283
844278
844247
844239
844077
843876
843812
843765
843423
843268
843265
843190
843116
842918
842903
842804
842703
842696
842666
842661
842634
842270
842232
842188
842131
842108
841958
841934
841899
841895
841761
841758
841633
841565
841493
841360
841319
840827
840733
840568
840484
840444
840372
840368
840274
840127
840065
840059
839824
839661
839631
839549
839279
839119
838968
838942
838711
838639
838635
838576
838538
838390
838239
838222
838115
838004
837986
837962
837944
837940
837860
837826
837766
837176
837159
837070
837017
836990
836985
836959
836955
836858
836767
836739
836726
836723
836626
836614
836595
836243
836207
836119
835836
835780
835707
835607
835516
835390
835318
835299
835045
834983
834979
834779
834572
834554
834261
834213
834172
833844
833674
833652
833556
833409
833393
833223
833026
832980
832927
832925
832855
832797
832700
832530
832408
832366
832246
832224
832072
832016
831743
831658
831568
831522
831470
831386
831267
831214
831163
831100
831012
830886
830868
830421
830387
830304
830229
830193
830069
830064
830054
830045
830002
829947
829939
829847
829750
829710
829454
829276
829065
828976
828885
828803
828637
828177
828084
828048
827806
827652
827580
827456
827369
827340
827262
827232
827082
827022
826972
826875
826862
826852
826811
826507
826432
826186
826176
826015
825653
825649
825587
825564
825515
825348
825319
825298
825113
825063
825004
824857
824594
824566
824543
824515
824378
824345
824333
824325
824109
824008
823722
823663
823596
823506
823360
823339
823293
823012
822933
822881
822657
822524
822495
822414
821977
821965
821960
821945
821909
821903
821891
821684
821547
821437
821380
821276
821274
821261
821236
820963
820887
820810
820776
820527
820417
820373
820364
820311
820256
820230
820216
820119
820013
819982
819966
819883
819834
819672
819594
819497
819482
819438
819217
819142
819132
819112
818901
818788
818758
818705
818629
818619
818485
818319
818260
818128
818088
818053
818018
817984
817918
817862
817856
817698
817664
817644
817639
817634
817516
817479
817278
817239
817173
817103
817033
816893
816863
816842
816769
816749
816719
816579
816385
816324
816138
815961
815817
815712
815690
815579
815373
815364
815209
815202
815115
814823
814561
814555
814530
814358
814314
814134
814100
814099
814055
814050
814013
813695
813404
813051
813043
812962
812861
812704
812685
812321
812213
812065
812031
812003
811903
811716
811697
811494
811415
810938
810891
810410
810288
810260
810236
810201
810171
810170
809994
809851
809838
809693
809659
809657
809648
809603
809430
809242
809174
809067
808935
808827
808655
808647
808622
808116
807844
807625
807557
807502
807467
807380
807295
807218
807204
807072
807034
806963
806874
806845
806601
806502
806474
806413
806397
806281
806211
806182
806087
806041
805540
805458
805203
805156
805072
804994
804712
804670
804577
804400
804392
804362
804337
804182
804058
803854
803827
803826
803702
803671
803539
803157
802825
802699
802558
802522
802502
802472
802433
802158
802148
801914
801896
801789
801780
801762
801743
801725
801704
801235
801232
800893
800812
800778
800724
800595
800563
800474
800445
800382
800314
800180
800136
799475
799362
799318
799315
799235
799157
799056
798725
798669
798604
798397
798113
798040
797885
797842
797622
797612
797595
797364
797345
797279
797260
797210
797052
796586
796499
796156
796006
795949
795835
795828
795650
795569
795539
795426
795291
795259
795054
795040
794956
794864
794794
794732
794571
794486
794486
794307
794209
794004
793985
793914
793770
793710
793547
793308
793281
793257
793051
793032
793018
793018
792910
792876
792861
792810
792654
792566
792456
792454
792334
792300
792096
791625
791522
791476
791451
791422
791351
791314
791270
791174
791155
791017
790953
790836
790760
790648
790524
790400
790267
790186
790164
790053
790024
789963
789535
789406
789395
789318
789288
789176
788982
788916
788701
788682
788511
788511
788490
788418
788363
788242
788227
788209
788197
787989
787907
787892
787873
787848
787771
787685
787677
787501
787440
787251
787173
787108
786954
786906
786656
786591
786555
786490
786443
786112
786101
786058
785880
785831
785829
785721
785592
785497
785455
785229
785207
785183
785010
784951
784920
784703
784700
784683
784570
784555
784526
784424
784353
783767
783691
783641
783508
783407
783336
783302
783298
783288
783051
782992
782767
782735
782659
782590
782556
782494
782482
782461
782325
782256
782182
782130
781661
781623
781399
781337
781261
781138
781111
781061
780965
780768
780714
780648
780602
780412
780287
780239
780039
779819
779710
779281
779065
779031
778997
778993
778861
778628
778425
778411
778293
778097
778090
778037
777998
777968
777808
777806
777804
777697
777635
777481
777443
777308
777257
777185
777149
776968
776962
776961
776934
776912
776907
776900
776592
776546
776348
776345
776082
775567
775518
775501
775322
775155
775104
774632
774544
774525
774425
774408
774335
774309
774252
774224
774143
774100
773970
773968
773642
773341
773337
773038
772986
772950
772715
772642
772564
772478
772365
772262
772195
772194
772037
771762
771755
771648
771640
771637
771585
771540
771522
771407
771336
771107
771007
770889
770814
770751
770749
770729
770694
770429
770305
770293
770239
770125
770081
770048
769988
769949
769769
769731
769730
769703
769531
769378
769107
769089
768823
768636
768572
768570
768329
768165
768032
767925
767757
767727
767583
767525
767503
767479
767449
767291
767290
767278
767245
767191
767167
767022
766924
766849
766771
766717
766693
766649
766617
766496
766409
766242
765960
765682
765677
765579
765478
765378
765154
765104
765050
765031
764932
764819
764785
764695
764568
764431
764349
764279
764238
764167
764124
764111
764035
764015
763728
763691
763569
763552
763476
763435
763245
763062
762905
762829
762736
762560
762557
762230
762200
762139
762102
762097
761971
761934
761636
761548
761454
761349
761130
760816
760770
760555
760488
760442
760301
760224
760170
760148
760128
760022
759987
759965
759887
759771
759755
759421
759266
759053
758979
758925
758921
758592
758578
758402
758392
758380
758292
758267
758175
758100
758100
758042
757868
757689
757610
757349
757285
757277
756944
756779
756677
756536
756514
756502
756220
756217
756070
755803
755310
755250
755143
755075
755050
754885
754757
754639
754627
754589
754569
754521
754435
754402
754243
754239
754158
753881
753870
753781
753754
753642
753603
753546
753528
753353
753345
753341
753163
753102
752858
752539
752455
752248
752158
752115
752033
751900
751873
751640
751587
751573
751532
751454
751390
751351
751276
751083
751066
750992
750795
750723
750404
750403
750161
749965
749943
749744
749657
749394
749385
749330
749305
749256
749085
749041
749007
748932
748704
748698
748667
748524
748492
748486
748392
748327
748321
748305
748211
748188
748179
748177
748011
747970
747891
747874
747788
747770
747735
747704
747355
747242
747231
747164
747109
747077
747041
746707
746594
746584
746460
746359
746083
745897
745836
745501
745432
745389
745342
745330
745172
745034
744956
744944
744918
744727
744438
744437
744423
744382
744282
744194
744165
744070
744047
743898
743732
743644
743628
743564
743430
743381
743126
742927
742908
742820
742669
742280
742249
741886
741744
741643
741559
741543
741223
741211
741193
740822
740555
740490
740455
740420
740377
740339
740227
740160
739995
739859
739775
739723
739702
739505
739467
739397
739255
738951
738927
738839
738775
738725
738520
738515
738464
738454
738238
738146
738078
738037
737912
737875
737826
737747
737684
737507
737458
737265
737190
736848
736636
736628
736499
736488
736431
736305
736249
736203
736201
736130
735784
735643
735641
735627
735613
735484
735290
735204
735095
735086
735045
734926
734799
734765
734415
734161
734057
733929
733929
733844
733573
733552
733476
733464
733440
733405
733369
733368
733355
733291
733165
733127
733046
733028
732905
732790
732647
732619
732599
732577
732508
732467
732455
732441
732228
732088
731775
731452
731434
731308
731233
731195
731004
730962
730778
730774
730568
730551
730551
730337
730308
730205
730150
730115
730108
729713
729521
729438
729412
729379
729361
729354
729308
729223
729221
729185
729072
729005
728991
728980
728969
728793
728761
728717
728676
728536
728530
728384
728334
728309
728158
727960
727904
727865
727812
727711
727557
727450
727398
727224
726783
726775
726772
726702
726668
726665
726444
726435
726383
726256
725896
725531
725442
725334
725252
725226
725133
725118
724927
724912
724676
724614
724546
724243
724000
723769
723749
723698
723567
723548
723528
723050
723014
723005
722986
722889
722869
722678
722655
722631
722589
722533
722467
722430
722313
722281
722114
721768
721509
721337
721165
721127
721097
720964
720950
720706
720566
720520
720464
720458
720430
720295
720264
720166
719853
719840
719740
719530
719327
719209
719180
719089
718655
718653
718651
718642
718600
718564
718463
718447
718411
718399
718378
718346
718340
718244
718237
718103
718046
717954
717871
717818
717771
717411
717250
717182
716851
716683
716606
716504
716503
716445
716381
716370
716327
716327
716325
716220
716211
715973
715879
715861
715803
715742
715553
715196
715169
715095
715028
714995
714703
714648
714431
714320
714269
714112
713986
713853
713834
713817
713744
713385
713288
713283
713259
713252
712992
712883
712882
712879
712873
712868
712619
712519
712434
712238
712189
712170
712123
712058
711694
711588
711294
711292
711164
711155
710981
710824
710560
710556
710402
710246
710170
710020
709929
709894
709858
709694
709647
709587
709484
709443
709417
709328
709250
709147
709097
709010
708875
708871
708756
708730
708717
708673
708479
708411
708400
708253
708185
708057
707944
707667
707542
707539
707511
707443
706639
706565
706544
706403
706230
706054
706019
705855
705755
705699
705698
705681
705324
705167
705037
704827
704217
704153
704030
703984
703758
703504
703447
703373
703334
702866
702841
702707
702560
702438
702394
702256
702255
702188
702132
701858
701720
701697
701562
701529
701168
701133
701091
701008
700976
700882
700592
700387
700312
700290
700107
700086
699979
699781
699372
699305
699254
699249
699170
699091
698800
698541
698399
698120
697907
697857
697823
697740
697700
697596
697588
697494
697375
697363
697170
697127
697111
697059
696975
696965
696942
696910
696708
696687
696670
696618
696407
696375
696198
696100
696095
696017
695934
695662
695532
695513
695454
695161
695153
695105
694921
694822
694671
694606
694510
694508
694501
694398
694220
694179
694079
693998
693894
693813
693779
693757
693513
693341
693210
693200
693029
692983
692976
692955
692927
692872
692661
692418
692320
692277
691890
691349
691169
691088
691040
691018
690787
690472
690368
690195
690132
690089
690085
689786
689752
689538
689521
689400
689310
689288
689219
689213
689117
689082
688902
688820
688779
688650
688632
688588
688565
688530
688209
688184
688181
688083
687898
687883
687882
687774
687759
687641
687528
687526
687402
687376
687236
687205
687136
687131
687080
686877
686861
686813
686805
686659
686464
686462
686362
686053
685998
685955
685716
685688
685638
685634
685627
685559
685507
685483
685389
685339
685187
685078
685039
684950
684926
684862
684702
684639
684532
684434
684409
684387
684270
684240
684167
684140
684113
683998
683739
683679
683608
683569
683504
683397
683364
682924
682801
682777
682759
682438
682351
682294
682259
682156
682103
682078
681940
681892
681863
681456
681444
681086
681004
680950
680712
680562
680538
680500
680439
680408
680390
680345
680309
680251
679887
679783
679753
679577
679471
679375
679342
679206
678737
678607
678351
678156
678120
678081
678073
678066
677902
677899
677853
677716
677713
677610
677583
677546
677348
677325
677274
677168
676946
676886
676843
676838
676776
676751
676737
676685
676445
676105
675934
675909
675805
675780
675580
675572
675555
675546
675443
675306
675187
675116
674905
674746
674210
674206
674003
673970
673929
673918
673789
673747
673684
673490
673329
673263
673233
673185
673141
672915
672659
672625
672532
672486
672454
672430
672265
672254
672200
672194
671586
671531
671493
671343
671304
671002
670954
670782
670538
670533
670413
670404
670288
670196
670105
670035
669876
669435
669306
668875
668793
668667
668429
668308
668300
668200
667656
667512
667165
667091
666916
666819
666660
666204
666137
666124
665979
665830
665766
665757
665556
665549
665257
665181
665103
665085
665071
665060
665012
664902
664600
664555
664380
664224
664222
664216
664196
664068
663935
663909
663847
663695
663644
663206
663077
663071
663024
662929
662911
662786
662746
662657
662584
662391
662358
662276
662125
662082
661808
661766
661558
661526
661285
661164
660980
660977
660889
660734
660718
660712
660660
660550
660527
660484
660439
660398
660398
660277
660167
660165
660154
660068
659966
659834
659718
659509
659424
659415
659321
659269
659192
659180
659008
658860
658852
658821
658814
658750
658592
658542
658525
658417
658362
658305
658261
658217
658215
657970
657909
657884
657658
657598
657576
657316
657312
657296
657155
656888
656861
656837
656648
656534
656463
656347
656280
656133
656060
656052
655879
655611
655588
655126
655059
655049
654771
654625
654589
654494
654307
654294
654199
654052
653820
653804
653802
653737
653615
653593
653356
653315
653312
653268
653203
652915
652884
652863
652701
652582
652565
652506
652483
652434
652422
652255
652045
651956
651885
651756
651707
651626
651594
651540
651208
651154
650984
650971
650848
650755
650615
650561
650400
650347
650305
650056
649938
649664
649659
649623
649574
649407
649407
649297
649138
649014
648902
648861
648851
648845
648822
648676
648378
648277
648029
648011
647933
647851
647592
647555
647276
647158
647042
646930
646808
646714
646611
646461
646433
646307
646276
646012
645964
645911
645731
645440
645134
645127
645043
645020
645019
645011
644381
644298
644167
643888
643727
643717
643715
643614
643209
643188
642923
642908
642814
642659
642650
642642
642349
642171
642084
642028
642007
641941
641904
641709
641689
641607
641499
641455
641279
641027
640990
640838
640756
640714
640663
640662
640567
640474
640388
640325
640184
640032
640030
639961
639817
639756
639542
639527
639461
639403
639245
639125
639058
638915
638865
638834
638752
638552
638549
638524
638500
638407
638373
637928
637915
637794
637533
637461
637334
637327
637309
637249
637054
636872
636793
636751
636639
636300
636289
636167
636072
636048
636038
636034
635956
635931
635791
635769
635657
635636
635586
635579
635574
635573
635334
635304
635289
634649
634517
634395
634381
634367
634265
634141
634134
634106
634046
634041
633980
633977
633957
633893
633757
633497
633438
633117
632836
632745
632689
632554
632520
631980
631959
631899
631725
631715
631702
631581
631545
631530
631521
631476
631437
631342
631109
631034
630954
630927
630920
630915
630786
630738
630703
630512
630495
630362
630262
630257
630144
630043
630015
629997
629897
629612
629508
629229
629196
628998
628992
628902
628833
628704
628461
628391
628076
628028
627989
627882
627873
627789
627749
627577
627554
627347
627341
627283
627242
627010
626990
626774
626673
626622
626519
626463
626421
626358
626165
625998
625849
625843
625826
625740
625725
625451
625439
625339
625329
625143
625105
625078
624977
624921
624882
624750
624743
624603
624603
624543
624499
624389
624323
624284
624168
624118
624002
623850
623643
623638
623384
623373
623187
623180
623081
623064
623029
622957
622931
622710
622430
621987
621849
621607
621368
621221
620969
620579
620549
620505
620287
620146
619613
619509
619350
619332
618873
618872
618731
618708
618639
618614
618528
618504
618476
618387
618332
618314
618147
618013
617984
617805
617676
617623
617225
616890
616856
616686
616615
616589
616483
616274
616166
616147
616068
616032
615930
615842
615718
615645
615631
615400
615369
615349
615335
615230
615029
614998
614974
614558
614481
614088
614059
613953
613915
613904
613882
613812
613764
613721
613312
613243
613188
613087
612992
612452
612392
612267
612258
612208
612009
611941
611498
611340
611218
611213
611097
610786
610736
610591
610441
610441
610417
610390
610381
610253
610248
610120
610100
610015
609997
609786
609669
609572
609497
609375
609368
609325
609270
609181
609058
609011
608681
608614
608300
608117
608029
608011
607965
607878
607816
607749
607717
607616
607608
607359
607211
607110
607044
607031
606925
606914
606778
606719
606664
606628
606540
606492
606426
606232
606122
606082
605978
605932
605706
605705
605480
605464
605351
605246
605238
605033
604851
604832
604587
604539
604137
604116
603948
603869
603777
603737
603723
603696
603519
603440
603312
603060
602881
602715
602699
602598
602571
602412
602388
602299
602270
602227
602226
602186
602136
602084
602016
601748
601718
601626
601600
601432
601409
601306
601272
601246
600969
600840
600674
600577
600482
600478
600463
600360
600312
600294
600164
599744
599553
599544
599446
599438
599423
599358
599303
599292
599095
599077
598721
598632
598620
598614
598529
598329
598320
598302
598146
597628
597459
597392
597044
596832
596806
596746
596660
596660
596658
596544
596417
596381
596368
596196
596169
596126
595867
595724
595613
595612
595471
595353
595246
595213
595207
595059
595016
594932
594885
594364
594306
594251
594225
594108
594068
593602
593592
593219
593132
592989
592961
592863
592784
592748
592646
592564
592543
592537
592379
592276
592227
592086
592058
592039
591958
591866
591751
591624
591602
591555
591554
591490
591446
591410
591404
591163
591076
590832
590816
590516
590475
590418
590411
590402
590295
589740
589693
589519
589444
589301
589046
589026
589006
588991
588904
588766
588619
588473
588472
588458
588299
588239
588201
588135
587918
587808
587522
587415
587317
587263
587133
587133
586966
586879
586751
586597
586554
586137
585974
585742
585563
585536
585423
585050
584947
584614
584567
584515
584373
584156
584103
584075
583954
583914
583756
583728
583637
583456
583408
583364
583336
583272
583146
583123
583058
583020
583005
582767
582710
582669
582545
582537
582332
582191
582014
582014
581995
581842
581810
581708
581666
581627
581557
581509
581419
581227
581107
581062
581056
581055
580952
580762
580761
580612
580602
580600
580546
580230
580082
579978
579952
579911
579806
579696
579567
579448
579423
579403
579383
579187
579094
579068
579040
579028
578994
578710
578590
578502
578466
578291
578291
578001
577957
577851
577727
577577
577568
577506
577463
577440
577185
576983
576962
576842
576825
576744
576733
576702
576438
576328
576287
576212
576113
576088
576007
575543
575417
575370
575265
575049
575025
574958
574882
574692
574625
574543
574457
574437
574374
574291
574198
574113
574076
574025
573925
573878
573841
573801
573771
573689
573685
573677
573611
573325
573303
573225
572963
572414
572351
572325
571948
571826
571819
571748
571734
571350
571311
571183
571102
571100
571042
570736
570674
570590
570573
570446
570427
570357
570207
570179
570106
569954
569909
569882
569861
569780
569760
569709
569649
569622
569583
569547
569498
569359
569336
569202
569189
569127
568676
568605
568541
568524
568340
568144
568140
567877
567835
567782
567688
567452
567262
567253
567058
567025
566940
566858
566756
566626
566569
566469
566403
566392
566338
566270
566097
565931
565922
565768
565651
565517
565482
565437
565333
565261
565245
565194
565155
564981
564937
564837
564760
564578
564529
564274
564273
564270
564221
563993
563911
563867
563813
563734
563730
563616
563417
563411
563255
563166
563062
562938
562720
562669
562526
562295
562289
562254
562090
561994
561910
561642
561476
561471
561450
561426
561252
561213
561047
560993
560911
560872
560736
560537
560494
560234
559841
559782
559577
559420
559321
559172
559090
559071
559041
559017
559016
558924
558901
558697
558264
558258
558244
558225
558155
558113
557916
557910
557752
557590
557444
557289
557281
557240
557223
557114
557013
555635
555458
555411
555398
555153
555027
554956
554782
554723
554681
554653
554458
554420
554268
554070
553667
553650
553486
553463
553463
553455
553369
553335
553246
552872
552778
552767
552465
552415
552376
552255
552244
552118
552012
551849
551726
551596
551589
551540
551314
551011
551003
550754
550705
550665
550618
550557
550279
550211
550203
550202
549994
549992
549948
549802
549620
549609
549534
549517
549500
548905
548885
548777
548776
548773
548741
548587
548569
548421
548363
548059
547966
547888
547855
547650
547617
547567
547548
547523
547516
547468
547462
547362
547123
546981
546912
546907
546594
546575
546399
546333
546218
546171
545853
545735
545602
545448
545327
545272
545243
545211
545155
545095
544858
544740
544656
544604
544521
544318
544313
544273
544187
544106
544069
543980
543968
543888
543599
543535
543449
543448
543306
543244
543187
543030
542998
542990
542806
542717
542636
542621
542607
542486
542444
542382
542317
542199
542091
541777
541338
541221
541169
541159
541014
541007
540898
540851
540760
540733
540577
540512
540392
540150
540068
540026
539975
539801
539785
539608
539477
539388
539376
539253
539168
539167
539061
539020
538624
538600
538553
538382
538363
537985
537828
537654
537586
537544
537371
537318
537264
537056
537006
536982
536965
536954
536870
536862
536789
536680
536634
536601
536465
536429
536334
535957
535769
535751
535612
535560
535539
535524
535522
535381
535338
535250
535120
535079
535008
534997
534936
534878
534868
534486
534264
534201
534137
533963
533746
533705
533631
533568
533478
533425
533421
533393
533390
533308
532827
532597
532436
532388
532219
532185
532151
531997
531774
531664
531543
531461
531315
531216
531200
531177
531100
530917
530809
530785
530783
530768
530722
530722
530681
530661
530453
530450
530435
530118
530085
529949
529816
529797
529504
529438
529418
529327
529316
529202
529108
529050
529001
528772
528729
528694
528654
528590
528490
528290
528259
528243
528175
528053
528026
528002
527953
527893
527841
527775
527720
527681
527550
527420
527287
527282
527149
527149
527148
527127
527053
527016
526891
526788
526632
526626
526498
526430
526366
526253
526230
526210
526124
526079
526020
525984
525983
525971
525944
525770
525697
525489
524891
524817
524637
524352
524335
524324
524271
524167
524049
523871
523834
523758
523755
523647
523292
523139
523093
522986
522869
522712
522450
522349
522321
522212
522091
521996
521847
521837
521746
521559
521418
521373
521222
521156
521138
521063
520936
520870
520798
520791
520623
520538
520427
520351
520072
520051
520007
519975
519928
519893
519884
519485
519404
519321
519271
519221
519128
519100
519086
519057
518948
518875
518771
518711
518268
517923
517726
517486
517355
517273
517234
517130
517028
516984
516609
516553
516394
516108
516088
516065
515947
515723
515708
515672
515373
515296
515182
514993
514986
514970
514768
514653
514613
514574
514466
514399
514354
514327
514277
514177
514166
514090
514025
514015
513945
513936
513722
513589
513546
513392
513134
513054
513029
512807
512802
512791
512692
512690
512623
512620
512481
512472
512376
512340
511931
511876
511759
511663
511525
511451
511393
511136
511118
511062
510978
510933
510878
510745
510654
510537
510404
510393
510229
510189
510037
509819
509600
509476
509403
509359
509265
509251
509237
509174
509105
509071
508953
508778
508732
508696
508677
508458
508054
508028
507848
507816
507695
507494
507456
507374
507350
507309
507200
507185
506923
506745
506579
506509
506398
506387
506317
506316
506201
506174
506147
506056
506040
505940
505838
505784
505711
505407
505356
505266
504975
504902
504885
504842
504809
504807
504748
504748
504724
504560
504249
504191
504152
504009
503881
503781
503773
503773
503740
503647
503641
503549
503505
503504
503266
503242
503094
502818
502818
502761
502723
502712
502680
502657
502510
502489
502463
502429
502354
502351
502256
502125
501902
501854
501703
501666
501398
501309
501164
501138
501127
501034
501013
500998
500991
500708
500507
500394
500191
500126
499995
499851
499827
499737
499644
499612
499561
499539
499489
499480
499388
499102
499053
498914
498829
498776
498637
498434
498371
498237
498029
497991
497980
497759
497666
497509
497302
497039
496802
496773
496740
496708
496623
496514
496513
496367
496352
496243
496207
496173
495844
495827
495817
495802
495724
495651
495633
495601
495442
495396
494880
494828
494823
494485
494403
494360
493931
493914
493875
493758
493641
493631
493611
493407
493382
493322
493171
493076
492875
492861
492829
492813
492738
492653
492630
492629
492498
492436
492031
491944
491908
491835
491738
491448
491374
491360
491290
491265
491095
491038
490987
490931
490878
490693
490511
490491
490375
490311
490230
490077
489879
489828
489789
489343
489120
489082
488845
488456
488286
488227
488204
488106
488077
488009
487924
487880
487744
487699
487689
487536
487401
487354
487202
487169
487069
487066
486940
486922
486869
486813
486380
486380
486184
486148
486135
486088
485960
485847
485736
485736
485666
485517
485487
485473
485415
485088
485032
485007
484737
484658
484631
484588
484558
484355
483991
483956
483929
483892
483885
483532
483403
483363
483326
483294
483270
483259
483156
483153
483071
482746
482479
482431
482270
482211
482181
482085
481976
481849
481845
481843
481738
481447
481250
481204
481138
481109
480866
480837
480826
480659
480563
480424
480264
480236
480208
480144
480086
480083
479946
479889
479808
479679
479507
479505
479469
479355
479246
479148
479066
478835
478775
478750
478483
478462
478231
478196
478194
478087
478011
477564
477470
477467
477432
477400
477378
477357
477209
477203
476971
476861
476809
476739
476688
476679
476612
476440
476336
476216
476160
476070
475942
475657
475542
475503
475480
475325
475277
475190
475116
475040
475033
474995
474902
474800
474768
474753
474350
474308
474096
474017
473745
473672
473595
473233
473152
473143
472941
472701
472475
472397
472359
472116
472071
472048
471910
471716
471690
471540
471416
471299
471276
471172
471164
471127
470745
470707
470470
470366
470244
470195
470133
470038
469976
469937
469935
469864
469539
469530
469467
469375
469261
469235
469191
469140
469061
468950
468930
468899
468877
468835
468720
468501
468158
468151
468149
468063
467827
467806
467776
467650
467598
467443
467169
467168
466788
466449
466341
466235
466144
465882
465689
465475
465434
465375
465249
465224
465171
465168
465113
465079
465061
465021
464891
464710
464361
464282
464028
463719
463511
463479
463450
463285
463269
463263
463118
463094
463066
462930
462838
462785
462623
462617
462559
462406
462300
462090
462055
462049
462035
461954
461943
461935
461926
461919
461910
461841
461827
461703
461675
461643
461528
461526
461516
461485
461472
461462
461416
461258
461241
461033
460862
460812
460622
460517
460335
460184
459980
459901
459808
459663
459624
459332
459290
459166
459107
459041
458981
458913
458873
458850
458778
458758
458744
458621
458615
458585
458563
458314
458251
458192
458016
457906
457896
457861
457679
457465
457167
457147
457132
457007
456940
456901
456868
456855
456835
456720
456720
456707
456703
456109
456037
455908
455876
455736
455702
455675
455641
455639
455620
455508
455262
455204
455163
455011
454944
454792
454659
454504
454503
454423
454258
453869
453866
453804
453783
453767
453718
453663
453634
453568
453353
453232
453173
453128
453036
453014
452909
452885
452852
452784
452735
452678
452586
452544
452536
452491
452395
452284
452194
451953
451669
451502
451434
451307
451187
451125
451053
450984
450946
450926
450917
450618
450284
450115
449917
449778
449683
449611
449534
449412
449382
449360
449354
449314
449104
448871
448759
448697
448546
448518
448354
448264
448247
448204
448102
448102
447835
447825
447745
447640
447619
447476
447212
446989
446892
446791
446655
446649
446554
446520
446460
446388
446374
446358
446217
446057
445917
445894
445686
445635
445611
445603
445397
445379
445180
445003
444994
444884
444872
444865
444864
444731
444711
444698
444525
444325
444288
444278
444236
444169
444087
444056
444055
443914
443883
443704
443700
443636
443460
443404
443386
443196
443076
443070
443024
442880
442873
442819
442770
442451
442306
442260
442235
442218
442166
442160
442029
441932
441747
441722
441682
441663
441526
441418
441412
441368
441251
441229
440703
440581
440495
440317
440165
439954
439940
439936
439853
439813
439693
439609
439600
439591
439530
439353
439238
439234
439220
439195
439094
439022
438940
438905
438904
438855
438839
438798
438710
438682
438666
438403
438348
438345
438323
438216
438194
437934
437851
437696
437315
437199
437197
437047
437004
436876
436858
436631
436594
436579
436572
436398
436366
436293
436250
436131
436106
436056
436008
435986
435788
435504
435494
435468
435412
435400
435339
435137
435133
435127
435105
434953
434919
434875
434806
434802
434753
434744
434348
434333
434296
434273
434152
434123
434121
434003
433830
433712
433330
433269
433231
433047
432957
432941
432904
432868
432851
432680
432601
432532
432436
432136
432131
431954
431887
431797
431763
431751
431734
431719
431710
431688
431682
431376
431238
431202
431106
430757
430618
430462
430363
430262
430251
430219
430214
430204
430125
429980
429960
429886
429765
429683
429548
429369
429299
429063
428738
428597
428558
428512
428429
428393
428281
428044
427772
427580
427567
427278
427200
427058
427054
426662
426502
426429
426352
426329
426312
426307
426299
425964
425857
425731
425663
425346
425299
425205
425164
425003
424996
424889
424842
424804
424609
424271
424160
424054
424054
424027
423972
423940
423937
423913
423518
423476
423415
423241
423043
422890
422731
422661
422371
422272
422174
421742
421697
421306
421266
421263
421188
421161
421073
421008
420987
420862
420843
420643
420430
420386
420191
420178
420090
420056
420035
419930
419896
419854
419765
419684
419664
419662
419557
419422
419369
419204
419097
419004
418876
418844
418783
418561
418518
418480
418196
417964
417752
417733
417689
417639
417549
417521
417452
417404
417402
417357
417336
417279
417144
417110
417090
417077
417019
416948
416685
416678
416585
416575
416465
416310
416204
416102
416067
415774
415763
415757
415698
415635
415551
415444
415404
415204
415175
415136
415058
415044
414914
414679
414541
414394
414371
414250
414152
414137
414002
413697
413450
413125
413108
413076
413040
412988
412917
412819
412771
412709
412492
412491
412462
412320
412317
412264
412114
412088
412052
411849
411671
411602
411477
411386
411360
411354
411176
411143
411131
411020
410911
410886
410852
410769
410601
410546
410496
410471
410465
410323
410258
409930
409879
409865
409840
409696
409583
409438
409302
409285
409170
408991
408969
408947
408853
408595
408588
408574
408454
408452
408380
408361
408326
408084
408077
407971
407800
407797
407711
407679
407638
407518
407447
407408
407370
407359
407207
407048
406871
406744
406589
406413
406408
406399
406199
406192
405852
405626
405568
405534
405375
405366
405272
405240
405155
405119
405059
404891
404825
404818
404784
404762
404567
404555
404226
404188
404155
404112
403876
403872
403861
403810
403420
403200
403004
402788
402735
402661
402494
402493
402444
402221
402212
402179
402171
401958
401876
401848
401575
401427
401335
401128
400968
400921
400117
400062
399926
399666
399544
399493
399313
398393
398361
398319
398294
398265
398260
398115
397972
397758
397432
397379
397277
397116
397060
397057
396998
396961
396932
396841
396819
396681
396567
396498
396475
396312
396263
396131
395777
395753
395674
395491
395480
395382
395141
395098
395054
394999
394931
394876
394804
394783
394770
394653
394594
394575
394561
394361
394181
394122
394080
393878
393590
393565
393482
393472
392893
392848
392822
392714
392653
392271
391919
391893
391824
391752
391640
391553
391489
391409
391400
391397
391375
391232
390880
390867
390784
390774
390730
390608
390503
390241
390192
390136
390072
390037
389583
389543
389281
389276
389188
389137
389065
389048
388858
388845
388619
388535
388487
388482
388376
388376
388193
388147
388058
387983
387729
387582
387409
387243
387221
387122
387076
387040
386991
386963
386765
386687
386676
386665
386649
386457
386447
386421
386366
386232
386177
386152
386131
386108
386101
385724
385718
385713
385688
385527
385420
385203
384954
384680
384509
384503
384368
384333
384278
384267
384175
384159
384156
384052
383952
383927
383825
383825
383676
383568
383382
383361
383161
382892
382759
382742
382726
382723
382568
382506
382498
382488
382411
382364
382339
382275
382209
382201
381961
381822
381782
381701
381639
381398
381182
381123
380863
380773
380526
380352
380340
380266
380072
380055
379831
379383
379217
379175
379073
378890
378862
378793
378471
378426
378416
378283
378141
378121
378039
377572
377453
377359
377135
377049
376958
376854
376734
376730
376706
376656
376648
376532
376478
376378
376283
376259
376200
376192
376190
376134
375983
375589
375549
375498
375486
375436
375391
375362
375319
375267
375248
375084
375050
374876
374844
374782
374660
374567
374557
374445
374227
374094
373990
373981
373977
373897
373807
373751
373727
373681
373637
373441
373230
373149
373146
373130
373049
373035
372986
372919
372828
372776
372681
372568
372449
372353
372294
372218
372174
372171
372169
372087
371980
371918
371896
371860
371790
371739
371600
371445
371327
371095
370903
370902
370724
370703
370513
370219
370210
370054
369651
369594
369553
369365
369173
368973
368954
368830
368759
368735
368689
368645
368549
368531
368324
368163
368127
368058
368020
368000
367808
367779
367712
367647
367404
367379
367344
367178
367087
366890
366632
366630
366563
366380
366366
366341
366246
366199
366134
366106
366079
366024
365894
365812
365736
365669
365619
365208
364792
364564
364286
364241
364160
364121
364004
363919
363724
363672
363642
363504
363497
363352
363265
363093
363084
362970
362821
362795
362606
362600
362579
362499
362333
362322
362319
362246
362234
362122
362023
361973
361967
361939
361806
361752
361659
361566
361353
361287
361193
361108
361027
360858
360771
360742
360725
360620
360620
360584
360542
360502
360464
360208
360140
360130
360060
359973
359962
359699
359666
359632
359514
359480
359218
359098
359080
359030
358904
358863
358795
358585
358554
358456
358445
358434
358341
358335
357961
357903
357723
357646
357617
357455
357409
357408
357381
357363
357325
357300
357274
357179
356823
356724
356649
356562
356550
356372
356299
356266
356182
356116
356034
355988
355928
355889
355594
355478
355459
355429
355427
355261
355190
355054
355016
354974
354828
354768
354747
354551
354550
354543
354070
354009
353920
353727
353709
353623
353613
353415
353315
353237
353138
353126
353123
353079
353042
352991
352951
352951
352664
352605
352597
352588
352533
352513
352432
352324
352189
352175
352172
351912
351385
351369
351276
351123
351054
351004
350960
350939
350718
350707
350637
350613
350513
350375
350368
350176
350054
350040
349811
349785
349734
349656
349490
348959
348886
348540
348414
348273
348271
348230
348102
347873
347770
347709
347569
347523
347518
347082
346963
346833
346794
346722
346567
346491
346483
346188
346039
346017
345966
345904
345796
345693
345588
345405
345396
345338
345292
345151
345136
345086
345015
344989
344872
344695
344640
344541
344388
344318
344097
344038
343993
343979
343936
343931
343862
343361
343315
343228
343079
343032
342806
342793
342687
342637
342583
342562
342454
342410
342290
342257
342097
341857
341844
341619
341606
341573
341352
341294
341136
340974
340871
340760
340724
340676
340613
340530
340422
340409
340405
340377
340310
340307
340087
340068
339982
339826
339825
339748
339732
339710
339360
339151
339112
338842
338776
338689
338552
338497
338391
338276
338036
338002
337992
337946
337932
337918
337892
337778
337559
337535
337497
337308
337272
337212
337201
337011
336868
336840
336813
336795
336666
336662
336558
336542
336453
336420
336396
336372
336235
336204
336036
335823
335696
335652
335648
335544
335476
335320
335175
334993
334881
334852
334842
334807
334783
334758
334692
334649
334516
334313
334200
334172
334170
334091
334008
333877
333380
333320
333274
333195
333160
333004
332979
332950
332914
332866
332798
332754
332523
332419
332407
332168
331999
331404
331302
331223
331157
331088
331086
330976
330950
330906
330900
330899
330732
330519
330513
330461
330396
330176
330165
330139
330043
330029
330024
329901
329859
329788
329728
329364
329299
329285
329251
329244
329177
328910
328784
328712
328700
328686
328655
328543
328505
328503
328456
328439
328384
328132
327729
327708
327689
327635
327575
327452
327146
327135
327129
327087
327063
327016
326968
326805
326775
326690
326667
326488
326385
326355
326100
325887
325850
325824
325810
325749
325590
325300
325248
325237
325226
325060
324783
324747
324671
324655
324631
324499
324364
324345
324343
324294
324293
324195
324143
324025
323989
323921
323870
323812
323792
323672
323554
323482
323426
323402
323271
323194
323153
323093
323048
323013
322863
322848
322793
322753
322659
322404
322276
322252
322213
322131
322117
321856
321772
321737
321720
321703
321015
321008
320709
320605
320571
320492
320480
320443
320384
320238
320154
320043
320032
320017
319793
319619
319369
319308
319284
319277
319190
319143
319132
318976
318858
318816
318795
318621
318519
318469
318056
318023
318015
317813
317667
317482
317323
317163
317148
317119
317103
316951
316922
316842
316769
316651
316453
316370
316340
316246
316210
316210
315984
315957
315946
315859
315834
315825
315780
315767
315684
315489
315449
315410
315373
315256
315093
314989
314941
314930
314792
314632
314597
314244
314244
314128
314083
314079
313947
313666
313611
313596
313595
313576
313488
313447
313385
313358
313317
312895
312776
312575
312573
312328
312325
312250
312058
311851
311791
311364
311274
311247
311240
311176
311100
311002
310968
310929
310842
310757
310628
310582
310580
310547
310445
310364
310139
310022
309983
309967
309951
309626
309531
309484
309287
309263
309205
309156
309070
309049
309031
308958
308820
308488
308193
308168
308041
307984
307875
307729
307708
307655
307444
306987
306983
306949
306907
306842
306838
306791
306744
306709
306590
306397
306358
306218
305757
305731
305716
305701
305644
305518
305475
305373
305373
305279
305236
305193
305119
305097
305034
304948
304848
304762
304748
304624
304476
304437
304265
304239
304212
304167
304128
303985
303981
303916
303848
303828
303755
303713
303681
303670
303625
303580
303569
303182
303124
303110
302964
302811
302748
302624
302414
302384
302353
302204
302176
302160
302035
301731
301590
301575
301482
301457
301416
301282
301072
301059
301040
301031
300801
300792
300714
300701
300542
300498
300492
300248
300057
299878
299845
299523
299283
299244
299206
299140
299130
299100
299003
298794
298679
298624
298624
298617
298333
298207
298096
298084
298001
297938
297937
297792
297520
297492
297358
296918
296850
296773
296617
296617
296583
296573
296558
296495
296208
295958
295824
295722
295676
295568
295383
295351
295272
295056
294917
294532
294312
294178
294046
293994
293850
293726
293694
293674
293667
293534
293397
292758
292730
292621
292613
292541
292265
291915
291688
291584
291443
291420
291064
290792
290774
290770
290716
290648
290430
290413
290408
290317
290315
290090
290076
289988
289826
289574
289569
289459
289435
289359
289285
288997
288950
288902
288814
288664
288602
288505
288393
288282
288251
288137
288086
288036
288030
287990
287951
287792
287777
287470
287349
287326
287303
287214
287155
287109
286955
286905
286886
286826
286738
286576
286374
286240
286132
286065
286011
285858
285771
285738
285595
285417
285383
285360
285164
285119
285076
284972
284882
284784
284614
284541
284347
284316
284291
284213
284112
283930
283910
283900
283900
283729
283689
283684
283562
283064
282856
282836
282824
282818
282816
282758
282706
282651
282612
282584
282559
282525
282348
282319
282296
282224
282168
281854
281811
281621
281604
281594
281481
281431
281414
280928
280766
280690
280135
280098
279948
279891
279760
279612
279390
279283
279214
279118
279056
279025
278993
278909
278879
278863
278792
278775
278336
278313
278240
278234
278227
278167
278103
277986
277768
277596
277572
277571
277456
277384
277337
277177
276771
276522
276208
276166
276164
276160
276124
276111
276107
276071
276058
276050
275860
274941
274864
274768
274716
274704
274656
274450
274239
274158
274105
274061
274052
274007
273941
273523
273430
273422
273355
273345
273283
273226
273109
272982
272847
272787
272763
272730
272604
272589
272525
272489
272404
272305
272269
272263
272157
271902
271859
271734
271726
271562
271331
271297
271221
271143
271098
271072
270822
270807
270747
270712
270637
270282
269908
269788
269602
269597
269572
269509
269467
269295
269288
269256
268918
268738
268716
268702
268378
268135
267938
267910
267848
267805
267656
267565
267542
267226
267125
267113
267057
266937
266927
266868
266821
266787
266785
266627
266605
266542
266517
266441
266198
266118
266084
265866
265781
265652
265592
265586
265359
265048
265032
264891
264599
264549
264364
264317
264173
264171
264170
264120
264055
264041
263961
263922
263813
263726
263481
263463
263441
263259
263228
263070
263040
262924
262840
262764
262666
262621
262549
262454
262205
262152
261879
261856
261790
261545
261494
261490
261440
261325
261297
261152
261132
261088
260863
260746
260653
260592
260582
260515
260425
260126
260003
259953
259850
259565
259551
259530
259258
259108
258923
258797
258707
258644
258599
258567
258352
258300
258285
258276
258105
258096
258043
257921
257905
257795
257539
257507
257450
257379
257355
257283
257171
256798
256693
256646
256600
256469
256467
256418
256397
256328
256246
256129
255725
255677
255504
255431
255307
255184
255097
255075
255043
254955
254910
254840
254427
254418
254360
254343
254181
253960
253824
253738
253449
253435
253382
253039
252897
252800
252763
252633
252604
252507
252457
252374
252086
251857
251825
251792
251402
251330
251029
251007
250956
250927
250900
250484
250421
250408
250284
249912
249880
249876
249858
249795
249664
249533
249422
249197
249003
248834
248799
248678
248665
248580
248466
248435
248394
248042
247698
247680
247663
247431
247360
247341
247316
247170
247074
247071
247062
246643
246561
246540
246510
246357
246154
246067
246046
245998
245951
245911
245804
245803
245745
245716
245607
245564
245423
245351
245265
244981
244888
244636
244428
244227
244022
243953
243883
243871
243591
243305
243304
243153
243099
243031
242925
242913
242907
242900
242814
242793
242576
242551
242536
242360
242324
242226
242167
242164
242105
242089
241758
241757
241648
241561
241480
241418
241363
241192
241047
240986
240972
240962
240819
240754
240528
240512
240433
240403
240338
240307
240261
240193
240035
239767
239449
239232
239016
238907
238593
238585
238337
238160
238080
238045
237707
237688
237619
237581
237556
237527
237491
237464
237455
237253
237206
237036
236931
236856
236850
236697
236468
236282
236262
236199
236137
235831
235785
235707
235649
235546
235519
235217
235100
234970
234900
234791
234676
234492
234135
233964
233954
233824
233692
233689
233509
233493
233461
233327
233307
233089
232838
232746
232745
232722
232701
232547
232522
232403
232341
232299
232166
232141
232086
232083
232073
232039
231870
231850
231621
231548
231511
231371
231293
231238
231039
230941
230880
230843
230824
230794
230576
230334
230325
230186
230105
230099
230022
229924
229756
229734
229640
229372
229121
229096
229040
228797
228656
228511
228345
228289
228228
228190
228183
228092
227947
227925
227916
227841
227531
227269
227100
227013
227001
226604
226404
226180
226063
226021
225909
225902
225824
225815
225763
225746
225738
225502
225326
225258
225152
225147
224972
224680
224642
224500
224451
224423
224415
224268
224212
224211
224193
224160
224033
223989
223778
223707
223691
223599
223588
223443
223368
223279
223167
223063
222946
222790
222785
222722
222717
222715
222708
222670
222646
222467
222452
222340
222281
222141
222125
222094
222018
221982
221811
221807
221791
221745
221644
221599
221355
221246
221086
220866
220796
220774
220658
220653
220615
220519
220201
220116
220115
220078
219814
219809
219649
219506
219489
219476
219465
219272
219211
218971
218938
218872
218846
218680
218418
218397
218391
218299
218259
218167
218017
218009
217980
217745
217741
217606
217536
217481
217333
217322
217196
216896
216865
216589
216581
216529
216464
216427
216371
216335
216292
216077
215954
215826
215497
215346
215332
215269
215113
214940
214799
214761
214697
214589
214518
214514
214329
214277
214184
214119
213930
213822
213813
213755
213671
213583
213551
213436
213254
213208
213191
213146
213012
213004
212863
212827
212638
212614
212469
212423
212377
211829
211813
211806
211782
211755
211648
211593
211358
211234
211056
210952
210718
210658
210529
210387
210198
210138
210082
210082
210059
210012
209966
209844
209672
209588
209537
209448
209398
209284
209271
209226
209222
209181
209070
209048
208932
208889
208860
208693
208680
208665
208624
208435
208382
208280
208208
208050
208003
207945
207932
207821
207820
207725
207717
207338
207005
207004
206741
206152
206103
206078
205977
205974
205909
205813
205786
205425
205316
205288
205285
205055
204756
204700
204690
204642
204569
204433
204416
204331
204298
204208
204090
204010
203857
203790
203762
203684
203495
203355
203182
203027
202987
202755
202711
202705
202578
202481
202479
202355
202268
202258
202044
201978
201749
201264
201065
201052
201033
201019
200885
200855
200819
200700
200679
200579
200463
200389
200107
200076
200044
199921
199887
199875
199847
199534
199514
199331
199135
199121
199081
198900
198777
198777
198712
198380
198280
198258
198112
197901
197884
197425
197301
197143
196998
196784
196635
196462
196295
196293
196252
196197
196019
196013
195950
195834
195769
195763
195729
195714
195657
195471
195433
195396
195286
195226
195194
195034
194981
194650
194538
194421
194387
194381
194377
194359
194303
194252
193617
193402
193380
192944
192873
192641
192608
192604
192555
192494
192376
192345
192204
192054
191959
191838
191716
191714
191518
191494
191446
191411
191392
190967
190954
190938
190856
190774
190701
190648
190522
190423
190422
190261
190182
190049
190025
189953
189828
189732
189717
189661
189280
189276
189273
189269
189140
189064
188952
188938
188912
188790
188635
188355
188289
188171
188149
188081
187929
187928
187907
187765
187684
187577
187573
187212
187074
186736
186710
186707
186662
186661
186462
186416
186404
186396
186321
186315
186230
185957
185899
185830
185777
185700
185652
185631
185621
185475
185432
185396
185311
185297
185289
184988
184816
184786
184532
184316
184170
184126
184058
183891
183605
183423
183301
183184
183011
182939
182889
182732
182699
182643
182355
182224
182145
182096
182062
181907
181835
181611
181453
181431
181237
181124
181009
180966
180908
180844
180816
180783
180773
180688
180640
180634
180374
180363
180032
179951
179759
179605
179548
179513
179472
179393
179337
179247
179208
179191
179056
178985
178818
178635
178513
178495
178308
178233
178219
178214
178193
178179
178070
177910
177870
177851
177705
177680
177387
177370
177175
177013
176479
176356
176325
176189
176159
176134
176099
176072
175902
175811
175807
175773
175646
175566
175529
175397
175385
175319
175227
175224
175065
174982
174958
174934
174891
174821
174640
174397
174347
174306
173920
173902
173489
173484
173397
173390
173345
173311
173265
173193
173139
173135
173020
172990
172805
172793
172696
172599
172571
172387
172271
172263
172233
172232
172191
172187
172173
172130
171963
171951
171864
171792
171656
171488
171287
171113
171001
170826
170806
170755
170755
170555
170473
170466
170405
170288
170197
170081
170077
170049
169902
169863
169858
169821
169338
169277
169186
168959
168846
168692
168614
168556
168553
168341
168219
168192
168018
168009
167893
167844
167836
167699
167399
167357
167212
166775
166681
166680
166650
166598
166543
166456
166342
166065
165961
165915
165830
165802
165801
165720
165676
165670
165580
165291
165285
164978
164790
164685
164615
164588
164545
164457
164450
164441
164439
164395
164375
164310
164249
163994
163991
163752
163725
163715
163484
163453
163411
163356
163186
163095
162952
162756
162616
162607
162408
162158
162140
162089
162079
161998
161950
161947
161850
161845
161836
161813
161707
161609
161577
161359
161144
160917
160607
160520
160498
160432
160362
160167
159874
159853
159829
159694
159528
159490
159211
159168
159091
159058
159009
158941
158518
158460
158447
158370
158271
157906
157895
157603
157586
157450
157195
156965
156882
156641
156620
156568
156480
156427
156270
155996
155995
155940
155769
155713
155674
155613
155602
155563
155505
155425
155359
155330
154956
154953
154672
154402
154112
154014
153979
153967
153919
153751
153718
153568
153532
153443
153390
153292
153183
152885
152681
152633
152318
152221
152072
152053
151931
151910
151892
151321
151129
151072
151039
150896
150787
150511
150432
150420
150212
150158
150106
150005
149680
149663
149546
149508
149450
149433
149367
149358
149338
149169
148926
148901
148835
148663
148633
148577
148557
148555
148495
148451
148317
148284
148223
148200
148153
147521
146907
146877
146850
146833
146754
146576
146479
146350
146320
146146
146093
146028
145845
145782
145742
145708
145611
145536
145483
145468
145380
145352
145305
145304
145183
145103
145071
145054
145009
144938
144872
144835
144463
144400
144376
143875
143594
143323
143188
143016
142957
142706
142647
142610
142586
142346
142335
142214
142085
142015
141879
141786
141668
141653
141649
141553
141535
141475
141317
141294
141245
141147
141028
141000
140770
140756
140681
140634
140251
140163
139964
139847
139811
139792
139674
139597
139582
139428
139413
139176
139151
138983
138973
138848
138798
138624
138366
138235
138232
138103
138057
137956
137940
137631
137585
137479
137343
136882
136757
136673
136671
136671
136654
136639
136556
136513
136461
136404
136391
136213
136123
136009
135903
135855
135739
135562
135123
135037
135032
135003
134988
134897
134863
134800
134679
134525
134447
134248
134191
134041
133899
133817
133719
133560
133446
133428
133321
133257
133115
133112
133010
132985
132890
132777
132499
132444
132386
132242
132088
132014
131977
131840
131604
131558
131371
131355
131022
130914
130901
130789
130780
130767
130659
130295
130292
130217
130186
130146
129848
129763
129724
129701
129472
129470
129159
128759
128633
128579
128573
128539
128421
128340
128184
127988
127962
127692
127543
127517
127398
127379
127303
127242
127075
127043
126740
126678
126590
126580
126538
126485
126007
125985
125919
125750
125749
125658
125625
125458
125395
125388
125338
125125
125106
125086
124988
124880
124853
124654
124528
124278
124157
124143
124072
124010
123988
123979
123884
123868
123797
123796
123720
123665
123640
123428
123411
123151
123020
122989
122934
122925
122834
122809
122721
122660
122390
122317
122262
122213
122074
122013
122005
121870
121766
121754
121577
121572
121572
121512
121426
121367
120899
120884
120740
120679
120540
120406
120231
119746
119731
119646
119513
119468
119345
119296
119249
119133
119123
119107
119064
119046
118981
118622
118537
118517
118464
118335
118281
118157
118065
117894
117891
117690
117370
117268
117178
117148
117088
116923
116752
116666
116664
116571
116467
116444
116384
116354
116351
116241
116168
116134
116015
115900
115858
115849
115785
115772
115704
115587
115287
115261
115198
115135
115027
114969
114908
114774
114743
114696
114572
114569
114289
114261
114211
114190
114173
114149
114078
113990
113851
113843
113808
113784
113783
113760
113676
113582
113541
113413
113193
113163
112923
112820
112302
112263
112134
111947
111816
111752
111578
111534
111440
111400
110701
110700
110539
110527
110444
110426
110375
110299
110242
110226
110170
110065
110054
109979
109871
109602
109445
109375
109284
109151
109102
108951
108771
108751
108686
108680
108629
108561
108559
108481
108433
108417
108358
107926
107794
107760
107705
107674
107671
107599
107450
107263
107257
107170
106960
106842
106831
106719
106696
106535
106409
106368
106223
106158
106152
105676
105277
104947
104804
104791
104785
104784
104683
104672
104610
104483
104471
104405
104392
104239
104201
104148
104067
104061
104042
104003
103794
103395
103338
103302
103256
103063
102574
102461
102452
102093
101959
101892
101820
101657
101632
101588
101574
101492
101426
101421
101415
101347
101201
101105
100891
100857
100849
100775
100705
100557
100368
100307
100305
100272
100267
100246
100190
100165
100109
100037
99973
99957
99931
99872
99831
99807
99754
99275
99204
98903
98897
98870
98841
98715
98590
98385
98349
98264
98196
98107
97931
97891
97797
97652
97530
97525
97482
97435
97294
97267
97264
96819
96766
96670
96653
96561
96518
96111
96030
95986
95756
95727
95672
95564
95513
95510
95479
95460
95453
95228
95120
94885
94783
94700
94553
94548
93960
93950
93801
93786
93636
93310
93227
93132
93064
92999
92871
92805
92799
92777
92699
92698
92674
92671
92614
92587
92490
92419
92279
92234
92212
92134
91971
91826
91784
91765
91689
91654
91608
91472
91401
91324
91234
91221
91147
90844
90765
90688
90675
90241
90077
89940
89868
89857
89742
89315
89216
89103
89097
88954
88813
88767
88554
88474
88365
88270
88252
88120
88077
88063
87926
87780
87759
87675
87251
87069
87038
87014
86791
86726
86633
86552
86484
86257
86229
86096
86044
86006
86000
85991
85981
85521
85501
85479
85370
85269
85245
85117
85087
85035
85012
84908
84888
84698
84658
84346
84324
84188
84123
84022
83845
83533
83489
83370
83333
83260
83181
83140
82989
82977
82824
82794
82792
82642
82633
82529
82506
82451
82017
81678
81350
81221
80869
80740
80372
80204
80148
80042
79946
79934
79919
79888
79783
79499
79437
79405
79390
79369
79270
79203
79176
79120
79100
79093
79026
78889
78757
78733
78523
78483
78214
78147
78115
78033
78003
77926
77868
77831
77680
77662
77615
77555
77547
77466
77375
77340
77199
77140
76786
76698
76214
76194
76170
76165
76158
76132
76037
75971
75944
75935
75900
75808
75748
75700
75662
75521
75505
75446
75200
75085
75069
75042
74975
74904
74823
74798
74666
74637
74610
74422
74188
74125
74017
74016
73995
73990
73952
73864
73827
73819
73638
73623
73612
73375
73033
72963
72912
72632
72495
72440
72411
72385
72359
72341
72267
72216
72002
71898
71861
71774
71694
71651
71484
71317
71296
71288
71242
71123
70963
70941
70699
70628
70522
70516
70425
70361
70253
70177
70022
69892
69748
69632
69596
69445
69421
69325
69305
69154
69116
68932
68372
68156
68149
68118
68097
68088
67943
67780
67763
67636
67599
67321
67228
67207
67189
66564
66556
66500
66415
66384
66348
66266
66199
65990
65987
65892
65457
65042
65004
64988
64952
64861
64853
64456
64436
64261
64255
64141
64054
63934
63680
63604
63538
63508
63423
63381
63352
63327
63184
63135
62901
62893
62690
62510
62491
62489
62419
62205
61834
61769
61750
61733
61585
61420
61406
61403
61393
61302
61279
61264
61240
61161
61090
60976
60936
60900
60852
60849
60797
60590
60558
60528
60381
60233
60171
59910
59851
59594
59591
59274
58985
58879
58820
58703
58276
58215
58081
57993
57932
57922
57876
57683
57682
57589
57492
57126
56845
56830
56764
56655
56604
56382
56372
56237
55854
55791
55623
55597
55501
55413
55409
55307
55303
55198
55077
54955
54841
54747
54562
54503
54500
54413
54337
54275
53926
53917
53501
53192
53153
52831
52788
52776
52753
52466
52431
52375
52366
52194
52104
52023
52017
51860
51845
51659
51650
51587
51504
51459
51295
51070
51055
51042
50867
50824
50758
50683
50529
50441
50382
50358
50308
50308
50145
50094
49978
49939
49817
49768
49672
49581
49495
49368
49360
49358
49329
49275
49190
49174
49109
48999
48941
48800
48798
48306
48267
48139
47754
47547
47543
47528
47512
47511
47457
47384
47340
47318
46788
46746
46726
46706
46613
46468
46422
46141
46115
46106
45857
45790
45748
45735
45662
45593
45486
45486
45379
45378
45376
45368
45359
45205
45184
45115
44725
44571
44551
44323
44111
44076
43967
43914
43873
43856
43826
43753
43750
43699
43540
43382
43347
43237
43207
43027
42958
42788
42670
42670
42617
42179
42136
41857
41844
41839
41732
41724
41718
41702
41627
41513
41392
41387
41253
41078
41017
40900
40777
40611
40520
40339
40338
40010
39955
39893
39733
39619
39605
39419
39328
39260
39201
39005
38903
38776
38630
38593
38473
38372
38272
38164
37884
37803
37768
37698
37680
37574
37542
37493
37421
37344
37305
36985
36954
36949
36949
36812
36763
36751
36696
36657
36551
36511
36485
36448
36423
36358
36214
36043
35932
35918
35613
35610
35565
35522
35496
35442
35255
35198
35156
34940
34808
34410
34409
34365
34180
34151
34132
34113
33932
33869
33743
33672
33478
33471
33424
33406
33270
33259
33255
33036
32777
32648
32571
32569
32402
32400
32389
32308
32244
31921
31780
31730
30942
30932
30426
30316
30271
30268
30220
30196
30148
29954
29931
29805
29684
29666
29640
29600
29591
29579
29516
29504
29275
29083
28924
28796
28765
28760
28676
28608
28462
28362
28286
28245
28139
27846
27771
27735
27613
27610
27597
27535
27471
27469
27372
27146
27108
27102
27068
26661
26608
26263
26140
25986
25944
25898
25895
25876
25741
25733
25630
25523
25475
25462
25418
25312
25185
25181
24663
24176
24163
24111
24072
24024
23816
23740
23683
23608
23579
23451
23443
23351
23320
23259
23222
23189
23097
22927
22777
22760
22751
22722
22668
22605
22274
22228
22146
21929
21768
21534
21382
21278
21153
21127
21072
21032
20933
20909
20729
20652
20622
20397
20380
20217
20214
20186
20168
19960
19934
19889
19869
19642
19466
19416
19390
19255
19207
19191
19073
19050
19048
18987
18985
18858
18706
18667
18602
18547
18484
18349
18295
17992
17833
17767
17603
17547
17326
17324
17296
17250
17138
17136
17073
17047
17023
16712
16615
16600
16544
16487
16449
16390
16256
15919
15738
15492
15361
15247
15097
15083
15028
15019
14934
14908
14822
14717
14567
14460
14378
14368
14292
14226
14107
13937
13839
13650
13459
13449
13382
13345
13146
13100
13099
12799
12601
12447
12342
12277
12005
11994
11841
11803
11792
11737
11721
11414
11355
11353
11319
11169
11158
11133
10439
10418
10193
10113
9879
9702
9598
9544
9381
9349
9231
9195
9186
8996
8805
8779
8756
8477
8456
8192
8117
7992
7639
7596
7588
7553
7549
7354
7258
6875
6866
6839
6346
6170
6162
6159
6007
5820
5756
5740
5730
5543
5518
5255
5212
5101
4994
4905
4770
4742
4649
4320
4258
4041
3993
3758
3653
3651
3433
3328
3299
3195
3114
3006
2869
2830
2821
2749
2739
2688
2594
2518
2453
2399
2388
2384
2376
2235
2208
1860
1802
1721
1557
1540
1516
1481
1264
1165
627
550
405
321
93
15
8
