94
118
144
189
211
278
333
388
537
601
664
781
812
902
912
1100
1181
1208
1471
1594
1619
1945
2006
2221
2319
2368
2572
2765
2778
2910
2976
3247
3283
3295
3297
3354
3702
3745
3746
3884
3894
4318
4453
4720
5011
5056
5081
5116
5503
5517
5576
5660
5739
5869
6013
6037
6082
6086
6105
6107
6160
6188
6270
6476
6849
6865
6968
7091
7112
7115
7232
7252
7257
7419
7528
7626
7763
7786
7868
7948
7982
8247
8903
9105
9480
9531
9599
9634
9724
9773
9782
9865
9962
10063
10108
10235
10356
10404
10408
10445
10450
10924
11090
11186
11219
11313
11327
11329
11367
11390
11593
11828
11961
11969
11969
12007
12032
12245
12335
12411
12492
12542
12617
12712
13187
13216
13492
13712
13775
13784
13815
13847
14044
14048
14093
14134
14147
14227
14331
14356
14496
14563
14620
14624
14736
14917
15484
15605
15826
15864
15878
15897
16007
16141
16191
16218
16225
16429
16458
16570
16587
16594
16629
16708
16822
17036
17145
17395
17559
17605
17607
17812
17861
17953
18076
18145
18197
18220
18436
18550
18554
18875
18879
18887
18906
19002
19087
19088
19147
19448
19529
19538
19562
19571
19631
20470
20594
20671
20890
21344
21492
21628
21630
21657
21685
21812
21869
21941
22004
22062
22141
22548
22643
22806
22810
23431
23439
23522
23528
23796
23869
23931
24355
24684
24812
24995
24998
25286
25478
25632
25650
25679
25746
25753
25757
25757
25757
25902
25912
25979
26033
26086
26204
26379
26471
26483
26523
26832
27009
27023
27065
27101
27181
27205
27215
27229
27232
27368
27525
27627
27670
27714
27746
28010
28076
28084
28546
28587
28854
28895
29087
29117
29330
29372
29533
29559
29567
29648
29667
29758
29827
29851
29858
30059
30124
30146
30203
30281
30423
30690
30744
30761
30798
30934
31140
31154
31192
31225
31233
31405
31407
31436
31497
31519
31726
31731
31749
31830
31901
32054
32127
32172
32196
32303
32304
32363
32418
32477
32655
32709
32725
32767
32774
32775
32836
32939
33044
33070
33172
33333
33455
33458
33487
33540
33662
33669
34042
34072
34079
34257
34319
34357
34431
34650
34663
34673
34733
34753
34828
34943
35027
35037
35125
35136
35153
35280
35438
35460
35606
35608
35637
35782
35789
35901
35975
36086
36170
36508
36648
36783
36994
36998
37004
37131
37243
37518
37614
37706
37765
37770
37830
38117
38117
38129
38159
38176
38304
38353
38454
38478
38567
38714
38887
38954
39033
39067
39157
39255
39420
39805
40038
40061
40089
40091
40233
40293
40325
40353
40386
40572
40612
40740
40951
41057
41169
41262
41371
41406
41503
41553
41800
41898
41997
42000
42067
42128
42237
42289
42350
42403
42435
42461
42700
42707
42732
42834
42867
42987
42998
43013
43105
43220
43237
43381
43468
43498
43521
43534
43542
43559
43626
43630
43652
44052
44069
44273
44278
44284
44417
44426
44554
44562
44611
44698
44785
44864
44904
45116
45169
45252
45299
45330
45385
45401
45403
45430
45479
45550
45778
45793
45853
45868
45925
45929
45932
45937
45956
45962
45983
46056
46144
46344
46397
46513
46521
46539
46864
46961
47095
47539
47644
47841
47989
48356
48414
48469
48494
48666
48671
48697
48700
48762
48821
49054
49212
49285
49337
49510
49560
49607
49660
49745
49795
50012
50166
50362
50370
50376
50507
50611
50884
51219
51304
51403
51448
51502
51570
51920
51987
52011
52295
52298
52324
52535
52575
52692
52822
52955
53052
53276
53330
53385
53497
53521
53532
53758
54117
54134
54293
54464
54584
54682
54686
54751
54851
54885
55127
55197
55357
55437
55507
55515
55648
55830
55988
56042
56246
56306
56361
56438
56461
56596
56739
56777
56951
57053
57104
57125
57223
57310
57402
57540
57633
57996
58124
58141
58167
58283
58383
58545
58880
58910
59067
59201
59239
59254
59310
59336
59367
59455
59461
59533
59856
59878
59907
60000
60057
60287
60288
60418
60608
60740
60820
60850
60935
60939
61034
61075
61177
61217
61354
61382
61748
61794
61893
61996
62132
62303
62311
62402
62451
62487
62756
62868
62925
62950
62953
63306
63325
63399
63523
63599
63684
63842
63842
63873
63878
63892
63905
63909
63970
63983
64167
64322
64526
64559
64577
64648
64662
64673
64861
65005
65232
65582
65651
65669
65862
65882
65915
66013
66025
66343
66416
66521
66764
66788
66993
67227
67247
67534
67603
67641
67671
67732
67779
67842
67966
68097
68119
68170
68198
68346
68552
68999
69040
69045
69048
69062
69198
69378
69419
69568
69569
69705
69728
69802
69818
69863
69972
70015
70022
70036
70134
70186
70217
70254
70283
70422
70442
70490
70495
70509
70644
70880
70980
71003
71141
71332
71434
71629
71742
71871
71883
71948
72276
72451
72613
72770
72922
72956
73011
73057
73422
73435
73646
73690
73873
73930
74005
74117
74152
74299
74327
74407
74559
74692
74708
74759
74991
75006
75127
75235
75537
75555
75581
75626
75711
75814
75868
75986
76135
76240
76404
76512
76815
77301
77462
77466
77706
77734
77747
77869
78081
78120
78314
78433
78749
78796
78890
79016
79065
79085
79128
79287
79377
79575
79580
79621
79682
79701
80018
80201
80294
80343
80351
80358
80526
80550
80613
80643
80728
80842
80971
81001
81084
81184
81267
81385
81453
81668
81776
81786
81837
82487
82493
82626
82750
82875
82895
83152
83167
83228
83277
83708
83726
84023
84036
84059
84067
84097
84191
84285
84418
84429
84679
84773
84841
84974
85056
85091
85191
85280
85513
85702
85721
85762
85765
85825
85982
86376
86402
86526
86601
86720
86822
86914
86998
87007
87121
87129
87219
87545
87557
87640
87804
87893
88068
88070
88075
88155
88320
88328
88430
88483
88597
88605
88804
89003
89022
89089
89203
89222
89260
89341
89483
89483
89874
89977
90083
90114
90280
90336
90438
90514
90548
90597
90727
91039
91120
91250
91282
91470
91617
91667
91830
91915
92040
92100
92101
92184
92324
92635
92656
92660
92876
92881
92993
93048
93216
93594
93916
94060
94126
94239
94241
94444
94681
94686
94689
94773
94791
95068
95211
95302
95413
95537
95545
95754
95783
95832
96470
96779
96961
97019
97028
97066
97469
97531
97533
97685
97711
97747
97782
98235
98394
98462
98648
98898
99017
99101
99104
99176
99191
99248
99266
99277
99287
99432
99436
99438
99468
99544
99572
99800
99838
99944
100066
100233
100249
100262
100356
100408
100408
100451
100764
100934
100944
101022
101051
101064
101091
101187
101266
101372
101374
101459
101521
101534
101597
101658
101739
101763
101835
101843
101900
101906
102005
102022
102063
102100
102174
102218
102296
102334
102353
102523
102605
102617
102737
103065
103165
103166
103515
103584
103676
103942
103945
104017
104042
104120
104186
104258
104284
104427
104508
104672
104707
104817
104836
104899
104955
105005
105062
105087
105142
105201
105340
105499
105749
105752
105790
105804
105894
106126
106145
106185
106201
106220
106221
106235
106389
106569
106662
106899
106987
106997
107265
107333
107599
107616
107694
107711
107728
107779
107955
107961
108039
108183
108195
108205
108357
108502
108758
108802
108810
108954
109014
109097
109115
109116
109159
109235
109525
109557
109916
109941
109986
110181
110457
110550
110624
110639
110650
110655
110702
110718
110725
110777
110843
110869
110946
111116
111175
111247
111268
111343
111581
111833
112037
112051
112077
112186
112204
112358
112693
112726
112743
112901
113097
113144
113163
113213
113245
113332
113374
113411
113556
113915
114008
114176
114229
114398
114467
114509
114509
114582
114605
114640
114895
114941
114966
115144
115296
115474
115719
115760
115873
115874
115914
116217
116226
116269
116393
116508
116610
116867
117109
117121
117128
117234
117343
117365
117471
117698
117759
117918
117968
118132
118182
118214
118271
118419
118424
118645
118766
118826
119047
119233
119523
119608
119629
119674
119723
119760
119786
120093
120207
120450
120654
120706
120819
120823
120826
121015
121164
121208
121416
121452
121560
121724
121775
121856
122096
122294
122316
122357
122514
122644
122767
122768
122952
122969
123214
123430
123455
123626
123693
123914
123967
124063
124676
124692
125129
125143
125207
125266
125484
125492
125536
125872
125948
125979
126093
126375
126489
126643
126682
126705
126712
126820
126944
126954
127027
127100
127137
127207
127305
127369
127458
127515
127590
127705
127791
127837
127909
127966
127975
128028
128045
128156
128204
128208
128465
128515
128652
128756
128870
128919
129054
129057
129127
129150
129473
129540
129543
129636
129665
129713
129797
129800
129806
129825
130094
130109
130197
130323
130348
130383
130422
130707
130749
130796
130945
130967
131019
131150
131179
131279
131395
131431
131443
131446
131501
131536
131616
131699
131884
131891
132002
132084
132267
132420
132530
132666
132854
132951
133078
133144
133155
134066
134140
134168
134196
134228
134251
134328
134423
134471
134781
134784
134790
135118
135195
135275
135356
135482
135824
135900
135996
136198
136262
136798
136858
136900
136934
136960
137449
137483
137578
137679
137687
137687
137703
137939
138015
138034
138099
138135
138298
138397
138525
138530
138819
138896
138983
139201
139330
139417
139476
139972
139999
140063
140064
140121
140146
140184
140320
140325
140341
140427
140522
140607
140705
140733
140768
140789
140939
140945
140954
140966
141011
141130
141446
141628
141762
141849
142018
142038
142070
142282
142340
142414
142472
142651
142874
142971
143024
143038
143040
143060
143140
143158
143183
143215
143231
143246
143526
143857
143858
143907
143935
143984
144000
144154
144193
144240
144336
144515
144562
144619
144680
144715
144725
144773
144796
144845
144915
144948
145038
145115
145299
145537
145540
145684
145704
145904
145993
146097
146163
146188
146369
146452
146497
146505
146521
146587
146599
146614
146819
146839
146892
147071
147270
147310
147335
147420
147783
147804
147914
147952
147998
148034
148088
148158
148192
148428
148601
148691
148759
149002
149075
149143
149221
149354
149719
149918
149965
150096
150112
150116
150212
150216
150288
150470
150520
150588
150846
150938
151173
151183
151224
151274
151495
151561
151571
151582
151600
151648
151674
151822
151944
151991
152053
152319
152461
152862
153465
153732
153835
153871
153984
154034
154044
154424
154537
154553
154591
154597
154617
154723
154795
154956
155153
155173
155364
155366
155392
155412
155670
155694
155696
155723
155748
155825
155828
155833
155882
155894
156088
156099
156121
156141
156150
156431
156461
156547
156578
156635
156680
156826
156849
156882
156942
156978
157080
157180
157277
157498
157583
157584
157627
157805
158271
158474
158517
158555
158623
158774
158855
158961
159114
159244
159257
159353
159390
159507
159523
159679
159707
159734
160065
160170
160171
160258
160373
160431
160525
160638
160778
160834
160839
161134
161266
161431
161442
161517
161631
161639
161692
161697
161815
161932
162027
162225
162441
162641
162654
162722
163034
163066
163105
163347
163363
163381
163556
163557
163692
163781
163835
163863
163863
164000
164369
164692
164704
164836
164882
164923
165041
165057
165321
165416
165502
165565
165577
166040
166059
166152
166161
166595
166638
166775
166779
166792
166796
166965
166992
167079
167230
167607
167870
167959
168008
168063
168102
168289
168345
168360
168383
168549
168644
168706
168885
168964
169123
169398
169546
169611
169670
169756
169826
169912
169975
170020
170064
170160
170416
170458
170552
170609
170759
170795
170834
170854
170872
171005
171041
171115
171199
171268
171287
171320
171339
171441
171447
171919
171920
171951
172134
172154
172160
172236
172273
172795
172814
172920
173144
173266
173401
173594
173595
173700
173767
173806
173844
173876
174192
174270
174332
174381
174444
174749
174808
174917
174919
175050
175108
175272
175315
175340
175933
175963
175985
176054
176065
176112
176115
176154
176181
176316
176348
176402
176462
176573
176922
176995
177121
177555
177583
177829
177901
177948
178101
178171
178197
178405
178491
178535
178602
178629
178753
178773
178800
178926
179051
179143
179280
179381
179436
179451
179463
179529
179531
179577
179663
179737
179747
179911
179929
180048
180056
180080
180165
180191
180191
180239
180538
180792
180846
180885
180900
180972
180993
181035
181060
181105
181119
181232
181318
181396
181441
181496
181531
181642
181709
181731
181798
181799
181954
181986
182092
182162
182290
182437
182673
182682
182875
183060
183075
183078
183191
183193
183226
183304
183616
183676
183753
183838
184154
184560
184610
184643
184695
184864
184950
185092
185256
185256
185332
185377
185615
185687
185825
185916
186062
186103
186116
186129
186198
186315
186348
186462
186547
186818
187088
187326
187375
187414
187493
187542
187558
187578
187637
187652
187687
187718
187838
188008
188213
188225
188420
188522
188532
188549
188645
188648
188677
188787
188930
189112
189172
189175
189223
189392
189408
189485
189609
189629
189878
189984
190012
190125
190248
190307
190391
190466
190618
190681
190703
190854
191106
191125
191448
191787
191878
191887
192192
192467
192545
192564
192574
192624
192828
192880
192908
192916
192930
192960
193034
193044
193333
193407
193480
193491
193638
193771
193812
193826
193909
193935
194047
194135
194261
194383
194412
194453
194532
194562
194642
194691
194784
194796
195192
195297
195443
195547
195554
195583
195632
195678
195808
195905
195998
196193
196260
196608
196638
196645
196972
197022
197025
197090
197135
197177
197315
197483
197483
197511
197556
197618
197764
198068
198133
198267
198327
198347
198537
198590
198676
198776
198808
198818
199015
199053
199277
199344
199349
199450
199451
199489
199565
199654
199676
199710
199740
199778
200014
200054
200116
200119
200294
200399
200411
200889
200990
201090
201102
201108
201110
201115
201343
201384
201461
201475
201494
201852
201906
202004
202081
202092
202146
202262
202268
202396
202532
202986
203034
203039
203086
203342
203345
203347
203461
203740
203800
203866
203974
204243
204255
204329
204350
204541
204581
204589
204675
204694
204760
204831
204996
205046
205218
205311
205321
205525
205577
205882
205902
205992
206020
206026
206105
206163
206250
206521
206525
206526
206743
206799
206815
206908
207033
207140
207155
207163
207384
207725
208070
208073
208150
208255
208267
208328
208442
208444
208452
208722
208732
208751
208778
208797
208823
208920
208943
208968
209057
209223
209283
209285
209389
209715
209752
209950
210069
210080
210095
210451
210674
210676
210714
210717
210789
210802
210898
210947
210977
211168
211177
211200
211247
211407
211431
211467
211536
211593
211606
211621
211637
211802
211873
211919
211933
212133
212274
212349
212350
212655
212710
212755
212802
213027
213102
213221
213297
213574
213658
213706
213786
213817
213843
213863
213866
214040
214287
214385
214556
214680
214718
214930
214938
215065
215075
215171
215276
215393
215630
215757
215769
215881
216025
216030
216123
216318
216348
216963
217121
217137
217137
217205
217223
217690
217771
217839
218088
218239
218258
218420
218567
218568
218654
218711
218852
219011
219078
219459
219568
219600
219907
219910
220002
220049
220077
220082
220251
220302
220372
220378
220418
220662
220694
220696
220748
220829
220951
221088
221263
221474
221634
221636
221819
221866
221967
221975
222053
222061
222070
222178
222314
222326
222329
222834
222861
223008
223355
223479
223754
223798
223836
223909
224115
224176
224189
224546
224593
224614
224652
224749
224791
225066
225135
225237
225355
225432
225621
225673
225947
226021
226071
226075
226106
226134
226286
226293
226472
226698
226850
226930
227011
227108
227264
227458
227500
227718
227765
228054
228244
228403
228421
228482
228550
228558
228765
228844
228970
229024
229206
229394
229530
229620
229836
229987
230010
230018
230067
230145
230195
230232
230446
230490
230625
230678
230728
230762
230812
230827
230829
230851
230853
230939
231291
231351
231398
231722
231762
231797
231809
232028
232113
232165
232198
232343
232352
232399
232428
232644
232739
232799
232838
232941
233280
233447
233737
233760
233777
233815
233958
234010
234037
234142
234178
234370
234398
234517
234701
234859
235080
235187
235191
235273
235290
235326
235328
235463
235467
235684
235693
235721
235939
235946
236039
236083
236122
236231
236269
236424
236496
236518
236561
236599
236699
236853
236975
237666
237786
237788
238063
238087
238093
238131
238143
238170
238249
238329
238360
238465
238466
238487
238496
238749
238782
238924
238978
239050
239071
239313
239321
239333
239627
239766
239821
240187
240201
240233
240251
240471
240477
240527
240612
240872
240916
240971
240994
241448
241708
241984
242167
242422
242709
242726
242916
243438
243449
243461
243551
243695
243714
243940
243944
244080
244281
244283
244440
244510
244826
244870
245065
245079
245296
245331
245449
245458
245590
245817
245898
245966
245995
246143
246240
246319
246410
246412
246532
246728
246823
246826
246878
246900
246910
247160
247300
247325
247397
247609
247649
247758
247776
247788
247931
248072
248100
248106
248153
248206
248277
248302
248307
248414
248502
248521
248863
249011
249587
249651
249810
249838
249858
249868
249872
249991
250084
250403
250630
250769
250852
250900
250939
251030
251064
251094
251119
251164
251247
251404
251420
251439
251481
251531
251579
252243
252406
252452
252629
252711
252932
252951
253000
253101
253127
253188
253264
253394
253569
253612
253664
253915
253981
254159
254205
254285
254311
254328
254480
254489
254535
254559
254589
254632
254682
254736
254777
254786
254983
255023
255045
255063
255182
255407
255564
255680
255714
255955
255976
256096
256111
256359
256377
256464
256712
256844
256892
256903
256946
257010
257085
257111
257228
257419
257462
257730
257752
257869
257870
257960
257973
258033
258160
258228
258330
258449
258590
259140
259143
259346
259422
259489
259518
259565
259632
259859
259942
259956
259978
260088
260097
260334
260470
260558
260686
260963
261082
261181
261305
261443
261471
261661
261717
261789
261979
262052
262121
262141
262165
262260
262490
262527
262807
262994
263038
263139
263280
263287
263302
263543
263616
263676
263776
264009
264107
264316
264565
264830
265003
265048
265358
265387
265474
265571
265737
265872
265886
265904
265935
266083
266132
266148
266561
266619
266704
266775
266784
266810
266898
267033
267042
267100
267172
267187
267206
267407
267423
267433
267452
267520
267543
267798
267847
267958
268039
268070
268221
268236
268376
268434
268599
268602
268614
268635
268749
268753
269057
269171
269350
269351
269465
269542
269580
269701
269875
269895
269911
270028
270033
270155
270673
270713
270766
270819
271017
271030
271167
271170
271194
271267
271371
271389
271489
271529
271604
271637
271660
271706
271723
271737
271922
272012
272022
272077
272119
272136
272194
272459
272471
272494
272508
272508
272559
272670
272723
272794
272835
272917
273276
273388
273507
273532
273713
273889
273902
273916
274315
274369
274435
274580
274647
274720
274764
274785
274869
275201
275229
275273
275377
275572
275576
275678
275831
275844
276017
276131
276250
276296
276319
276403
276640
276644
276838
277008
277070
277174
277231
277633
277634
277659
277978
278182
278216
278558
278639
278642
278655
278822
278937
279194
279214
279460
279469
279731
279732
279981
280038
280106
280128
280196
280198
280288
280413
280766
280775
280793
280873
281011
281065
281147
281285
281426
281446
281485
281527
281717
281823
281917
282024
282189
282283
282323
282338
282416
282523
282554
282589
282619
282639
282641
282970
283258
283346
283446
283467
283517
283555
283680
283707
283762
283776
283847
283858
283873
283921
284171
284231
284538
284557
284657
284993
285068
285075
285082
285503
286238
286260
286339
286414
286503
286507
286554
286598
286662
286729
286740
286786
286972
287113
287299
287320
287468
287470
287482
287542
287551
287561
287586
287687
287880
288258
288564
288565
288900
288912
289052
289062
289062
289133
289152
289154
289243
289277
289350
289425
289449
289696
289716
289783
289840
290050
290056
290141
290249
290285
290361
290438
290440
290622
290679
290681
290841
290843
290978
291016
291219
291324
291373
291481
291699
291788
291991
292047
292209
292297
292700
292775
292878
292942
292985
293009
293265
293469
293621
293834
293970
294085
294141
294208
294265
294387
294434
294457
294573
294615
294625
294797
294853
294879
294923
295080
295314
295406
295864
295904
296149
296165
296166
296209
296362
296526
296623
296633
296833
296849
296952
296962
297076
297123
297182
297270
297362
297463
297519
297531
297674
297686
297689
297785
297888
297941
297945
297948
297961
298080
298218
298378
298459
298640
298707
298942
299004
299031
299076
299277
299323
299371
299476
299527
299537
299550
299620
299641
299744
299768
299815
299829
299888
299933
300006
300055
300269
300312
300365
300452
300554
300591
300796
300838
300861
300910
300936
300938
301007
301059
301160
301161
301174
301263
301461
301509
301863
301894
302032
302168
302277
302520
302634
302637
302658
302712
302775
302866
302873
303120
303309
303380
303448
303546
303581
303607
303726
303749
303754
303938
304025
304053
304065
304383
304506
304542
304569
304769
305079
305081
305214
305356
305361
305390
305451
305467
305574
305660
306072
306128
306155
306160
306358
306463
306553
306566
306657
306818
306923
306965
307076
307238
307249
307289
307301
307381
307406
307566
307665
307738
307812
307865
307940
308023
308120
308203
308249
308379
308460
308539
308629
308657
308659
308677
308890
309059
309059
309139
309273
309290
309324
309380
309469
309527
309651
309699
309774
309862
309971
310257
310415
310447
310538
310589
310849
310937
311185
311245
311369
311510
311514
311531
311612
311660
311777
311933
311935
311941
312215
312286
312377
312500
312636
312640
312768
312871
312873
313098
313473
313762
313811
314118
314225
314298
314300
314540
314608
314858
314903
314918
314953
315290
315338
315660
315735
315781
315875
315921
315953
316227
316428
316466
316635
316893
317011
317040
317071
317137
317163
317275
317316
317444
317452
317603
317629
317634
317827
317937
317973
318092
318104
318134
318303
318345
318937
319024
319034
319235
319298
319544
319575
319788
319789
319815
319895
319944
320031
320135
320207
320473
320577
320619
320903
320909
321195
321255
321535
321597
321768
322047
322113
322139
322325
322479
322523
322543
322648
322763
322908
323055
323064
323298
323324
323386
323742
323774
323835
324001
324121
324163
324380
324421
324651
324672
324788
324862
324964
325028
325199
325251
325451
325474
325560
325600
325625
325636
325695
325773
325795
326021
326040
326112
326133
326257
326326
326553
326591
327006
327138
327143
327223
327309
327388
327452
327469
327473
327627
327655
327718
327884
327887
328132
328224
328335
328398
328470
328540
328622
328829
328854
328908
329046
329061
329458
329709
329806
329924
330076
330120
330278
330373
330656
330998
331143
331210
331230
331310
331337
331388
331455
331691
331875
331887
331909
332059
332066
332363
332459
332621
332680
333057
333382
333502
333644
333688
333868
333873
333888
334051
334085
334110
334195
334200
334458
334489
334506
334725
334749
334883
334920
334988
335133
335162
335284
335302
335361
335399
335419
335419
335476
335535
335647
335697
335749
335774
335877
335922
335997
336103
336332
336340
336380
336408
336505
336543
336572
336608
336854
336928
337011
337014
337043
337255
337281
337348
337367
337404
337498
337504
337512
337713
337735
337837
337880
337999
338210
338355
338357
338594
338739
338868
338949
338950
339203
339307
339386
339452
339512
339647
339861
339918
340116
340121
340160
340162
340247
340258
340507
340550
340623
340633
340768
340893
341107
341726
341732
341735
341780
341934
342126
342149
342196
342298
342828
342966
343040
343082
343099
343126
343184
343229
343668
343703
343789
343867
343878
343910
343912
344208
344235
344267
344469
344551
344562
344577
344616
344617
344677
344783
344791
344904
345353
345611
345616
345735
345821
345834
345923
345988
346105
346119
346163
346275
346510
346517
346620
346640
346651
346731
346808
347059
347154
347199
347429
347486
347564
347570
348015
348097
348111
348112
348199
348378
348415
348430
348475
348669
348817
348921
348958
349061
349900
349917
349956
350044
350146
350153
350267
350326
350401
350628
350631
350842
350945
351106
351304
351339
351415
351526
351886
351957
352087
352154
352200
352206
352215
352303
352346
352365
352424
352558
352672
352700
352786
352911
352942
352976
353054
353139
353376
353409
353506
353665
353813
353818
353978
354165
354175
354194
354324
354580
354629
354761
354953
355011
355023
355040
355051
355259
355556
355650
355708
355735
355828
355940
355957
356035
356039
356096
356233
356341
356370
356470
356523
356690
356705
356711
356750
356776
356949
356981
357098
357115
357334
357566
357599
357682
357709
357728
357752
357795
357817
357917
358050
358148
358234
358397
358661
358689
358789
358837
358873
358877
358894
358921
359082
359306
359565
359725
359780
359948
360036
360058
360105
360199
360382
360551
360627
360654
360845
360851
360925
360960
360974
361090
361178
361211
361246
361356
361493
361655
361753
361871
362026
362078
362325
362455
362466
362559
362563
362576
362851
362961
362995
363168
363199
363411
363609
363784
363789
363817
364154
364201
364240
364378
364453
364461
364709
364837
364857
364859
365077
365128
365158
365245
365426
365446
365480
365485
365491
365569
365851
365951
365963
366010
366084
366088
366186
366219
366283
366437
366522
366539
366556
366566
366617
366726
366960
367037
367077
367145
367430
367476
367483
367637
367639
367698
367858
367865
367923
368091
368113
368130
368140
368220
368308
368422
368427
368698
368707
368824
368842
369210
369211
369294
369533
369628
369842
369965
370147
370343
370351
370703
370981
371158
371176
371788
371813
371815
371822
371872
371942
372079
372712
372778
372796
373043
373137
373181
373264
373291
373615
373824
373842
373857
373876
373880
373982
374223
374331
374362
374403
374460
374474
374634
374799
374867
374900
375041
375063
375213
375322
375442
375444
375455
375556
375635
375683
375686
375711
376007
376050
376123
376123
376125
376148
376151
376158
376212
376355
376374
376451
376460
376591
376656
376670
376860
376899
377035
377241
377307
377378
377379
377458
377504
377548
377599
377640
377693
377792
377888
378012
378048
378157
378182
378231
378256
378347
378492
378553
378680
378767
378974
380056
380093
380128
380137
380251
380270
380305
380359
380383
380553
380570
380666
380672
380767
381041
381080
381173
381205
381525
381579
381624
381642
381835
381844
382016
382099
382255
382270
382387
383064
383097
383205
383278
383336
383338
383379
383534
383579
383595
384005
384130
384220
384379
384497
384636
384644
384961
384961
385102
385382
385433
385505
385624
385712
385722
385749
385763
385853
385953
386021
386066
386298
386319
386368
386514
386519
386589
386623
386683
386692
386701
386924
386938
387014
387119
387326
387405
387418
387451
387479
387548
387605
387731
387762
387780
388032
388184
388185
388194
388259
388268
388305
388312
388321
388359
388378
388398
388483
388638
388714
388865
388924
388965
389010
389484
389490
389548
389829
389840
389902
389926
389938
389989
390005
390014
390014
390018
390074
390188
390242
390326
390387
390401
390448
390603
390703
390729
390763
390960
391092
391116
391265
391311
391379
391381
391458
391486
391575
391693
391899
392063
392151
392361
392598
392685
392741
392782
392927
392961
393314
393383
393392
393583
393658
393808
393963
394171
394250
394261
394292
394308
394345
394530
394569
394590
394689
394700
394733
394768
394795
394817
394848
394867
394893
395129
395322
395645
395915
396068
396081
396110
396201
396442
396583
396633
396696
396762
396776
396786
396819
396888
396997
397001
397153
397157
397169
397284
397449
397472
397656
397682
397742
397756
397930
398036
398044
398074
398169
398172
398216
398220
398225
398313
398446
398469
399165
399227
399263
399287
399313
399561
399652
399818
399885
399907
399992
400012
400040
400360
400464
400474
400487
400595
400791
400893
401100
401125
401189
401329
401378
401405
401574
401583
401618
401645
401645
401791
401901
401915
401924
402021
402023
402023
402233
402376
402528
402780
402794
402991
403156
403162
403284
403564
403627
403629
403701
403714
403795
404064
404282
404343
404412
404494
404712
404739
404754
405207
405329
405481
405883
406186
406205
406240
406267
406399
406553
406684
406712
406801
406859
406927
406960
407028
407144
407149
407207
407271
407276
407311
407565
407600
407635
407651
407800
407934
407998
408180
408256
408292
408452
408539
408596
408609
408755
408871
409014
409061
409090
409311
409430
409511
409544
409554
409651
409653
409732
409758
409784
409797
409825
409839
410298
410320
410477
410540
410597
410911
410947
411012
411040
411106
411155
411179
411180
411219
411261
411365
411414
411482
411540
411677
411832
411843
412030
412039
412076
412126
412154
412230
412393
412466
412587
412686
412847
412914
413049
413108
413123
413274
413314
413453
413508
413627
413846
413892
414021
414091
414469
414547
414591
414680
414823
414827
415022
415080
415251
415393
415403
415540
415569
415611
415687
415699
415724
415749
415792
416044
416107
416265
416321
416393
416453
416492
416498
416749
416807
417230
417322
417398
417402
417454
417557
417621
417790
418086
418196
418275
418288
418322
418863
418871
418918
418929
418985
419048
419172
419188
419208
419293
419417
419457
419497
419520
419631
419647
419710
419863
419916
419989
420238
420348
420466
420485
420494
420628
420781
420804
420923
420929
421137
421204
421352
421445
421505
421532
421533
421558
421629
421755
421935
421965
422084
422201
422210
422222
422342
422561
422769
423086
423138
423271
423426
423457
423544
423779
423793
424332
424360
424369
424506
424573
424788
424910
424928
424975
425111
425125
425135
425354
425475
425812
425925
426036
426167
426322
426359
426376
426427
426459
426514
426537
426778
426894
426986
427019
427093
427097
427254
427256
427269
427409
427590
427665
427749
427874
428006
428038
428238
428264
428290
428336
428431
428637
428738
428795
429033
429126
429131
429211
429294
429385
429554
429899
430013
430039
430322
430698
430821
430844
430865
430907
431009
431076
431157
431169
431340
431359
431370
431575
431651
431694
431766
431789
431904
431910
431977
431992
432001
432105
432131
432282
432298
432320
432361
432473
432491
432623
432800
432823
432905
432925
432987
432998
433157
433293
433397
433403
433443
433604
433705
433790
433819
433834
433932
433940
434213
434300
434473
434492
434522
434631
434770
434881
435019
435052
435088
435088
435209
435269
435300
435603
435747
435747
435779
435842
435862
435922
436111
436184
436381
436534
436539
436599
437218
437226
437507
437507
437523
437704
437764
437816
437844
437865
438071
438151
438336
438615
438626
438663
438740
439006
439066
439352
439418
439571
439733
439851
439872
439934
439978
440092
440149
440222
440262
440294
440369
440371
440469
440531
440577
440621
440661
440734
440798
440816
440856
440926
440938
440967
441137
441260
441625
441655
441728
441774
441808
442262
442292
442330
442379
442602
442662
442975
443054
443080
443108
443235
443338
443441
443743
443792
443802
443856
443893
443914
443915
443959
443985
444550
444788
444893
445034
445092
445557
445559
445561
445643
445801
445829
445955
446124
446153
446387
446495
446526
446697
446905
447122
447200
447210
447282
447408
447494
447718
447785
447974
448082
448223
448247
448477
448574
448740
448741
449024
449102
449103
449184
449375
449460
449798
449833
449869
449918
449932
450053
450089
450109
450357
450374
450394
450480
450540
450541
450544
450576
450828
450843
450862
450943
451129
451193
451238
451417
451430
451493
451503
451564
451670
451871
452101
452188
452235
452286
452312
452312
452436
452533
452597
452625
452630
452986
453010
453111
453746
453755
453988
454041
454104
454203
454244
454280
454411
454414
454426
454455
454472
454558
454719
454747
454834
454975
455173
455215
455603
455625
455631
455669
455717
455732
455885
455929
455991
456140
456255
456478
456509
456592
456630
456675
456677
456765
457072
457102
457218
457357
457366
457479
457512
457598
457615
457748
457975
458000
458123
458150
458382
458489
458610
458713
458852
459020
459107
459506
459605
459667
459774
459934
460196
460247
460255
460317
460450
460500
460579
460610
460754
461003
461031
461117
461122
461137
461245
461283
461334
461337
461408
461676
461694
461725
461906
462005
462047
462053
462168
462169
462248
462469
462522
462533
462595
462797
462934
462980
463325
463509
463513
463613
463641
463652
463704
463766
463776
463913
463955
464070
464163
464239
464249
464329
464367
464393
464396
464504
464731
464744
464828
464893
464949
465020
465194
465236
465401
465520
465605
465673
465708
465719
465834
465849
465878
466051
466142
466360
466408
466522
466690
466749
466927
467288
467329
467366
467390
467621
467685
467796
467817
467932
468190
468250
468316
468318
468338
468402
468715
468760
468790
468827
469078
469429
469529
469627
469710
469738
469781
469869
469926
470016
470378
470487
470577
470674
470739
470753
471095
471390
471407
471468
471631
471717
471922
472095
472277
472314
472368
472480
472637
472639
472742
472801
472819
472872
473087
473091
473275
473277
473322
473371
473380
473536
473595
473730
473869
473964
474076
474106
474200
474284
474354
474412
474423
474573
474678
474753
474778
474917
475256
475386
475447
475484
475486
475509
475518
475730
475758
475965
475978
476006
476104
476254
476397
476790
476799
476808
476850
476894
476907
476935
477038
477154
477443
477444
477640
477905
477954
478064
478211
478292
478358
478359
478379
478387
478391
478393
478527
478603
478708
478738
478846
478918
479007
479104
479150
479257
479257
479268
479279
479371
479392
479514
479536
479705
480050
480155
480282
480610
480731
481018
481021
481210
481228
481274
481365
481476
481478
481527
481535
481632
481824
481959
482100
482338
482451
482461
482663
482763
482965
482976
482998
483357
483403
483605
483665
483813
483855
483933
483935
484297
484301
484372
484373
484389
484655
484663
484790
484805
484974
485039
485132
485201
485588
485757
485763
485788
485857
486035
486067
486272
486343
486445
486588
486680
486871
486919
486967
486970
487031
487064
487223
487445
487670
487674
487716
487917
488022
488065
488204
488255
488399
488501
488512
488535
488538
488665
488690
488776
488870
488993
489123
489212
489295
489330
489362
489405
489657
489910
489972
490152
490247
490597
490600
490636
490750
490769
490792
490872
490918
490966
491045
491259
491435
491518
491527
491628
491729
491879
491901
491938
492225
492240
492279
492328
492414
492463
492469
492621
492748
492902
492984
493007
493011
493196
493254
493262
493515
493666
493672
493914
493964
494035
494190
494303
494605
494657
494701
494807
494821
494883
495117
495119
495233
495508
495649
495787
495889
496330
496379
496401
496738
496767
496821
497027
497224
497324
497332
497546
497741
497976
497984
497997
498377
498410
498433
498519
498571
498605
499024
499058
499144
499178
499178
499416
499611
499662
499710
499903
500293
500354
500453
500566
500638
500777
501323
501394
501480
501512
501557
501588
501608
501670
501690
501865
501989
502107
502169
502244
502261
502306
502319
502427
502514
502625
502691
502745
502834
502936
503088
503181
503205
503225
503230
503355
503427
503709
503738
503807
503826
504065
504425
504650
504733
504964
504966
504968
505008
505019
505109
505177
505278
505512
505553
505573
505710
505752
505766
505820
505879
505958
506059
506113
506284
506751
506948
507281
507425
507487
507497
507558
507678
507713
507803
507920
508213
508261
508558
508566
508620
508848
508849
508859
509064
509115
509143
509175
509248
509382
509410
509577
509580
509719
509853
510232
510279
510578
510656
510807
510903
510925
510947
511213
511234
511396
511478
511480
511525
511551
511568
511578
511602
511609
511639
511709
511733
512068
512614
512748
512865
513010
513134
513164
513341
513402
513448
513551
513904
514029
514252
514307
514632
514677
514834
514862
514905
515256
515256
515475
515586
515689
515691
515697
515720
515739
515924
516082
516299
516579
516660
516683
516762
516935
517082
517090
517174
517393
517488
517671
517809
517810
517845
517941
518005
518172
518554
518689
518731
518827
518854
518908
519051
519126
519137
519309
519434
519441
519462
519480
519626
519719
519747
519765
519775
519811
519812
519883
519990
519996
520064
520131
520255
520265
520412
520524
520799
521003
521312
521612
521679
521685
521750
521808
521863
521889
522021
522080
522191
522248
522521
522552
522899
522904
522988
523100
523190
523297
523421
523453
523494
523555
524023
524087
524094
524301
524405
524482
524536
524566
524636
524881
524892
525027
525052
525193
525226
525462
525851
525940
526225
526343
526502
526573
527165
527218
527310
527364
527410
527633
527743
527943
528026
528220
528320
528360
528413
528483
528637
528703
528932
528965
529265
529349
529491
529521
529585
529678
529716
529734
529951
530037
530055
530105
530168
530529
530558
530662
530691
530703
531070
531169
531226
531289
531468
531587
531749
531884
531892
531900
532244
532397
532444
532512
532577
532598
532625
532746
532913
533003
533565
533598
533739
533741
533812
533828
533842
533848
533996
534084
534388
534475
534489
534495
534538
534702
534819
534910
534989
535172
535542
535592
535605
535757
535906
535974
536226
536226
536527
536776
536869
537034
537048
537211
537358
537451
537487
537501
537507
537624
537675
537840
537960
537987
538065
538168
538189
538385
538482
538487
538540
538556
538570
538686
538690
538698
539113
539563
539577
539658
539684
539875
540041
540083
540166
540283
540432
540513
540539
540596
540612
540631
540705
540743
540828
541001
541032
541051
541056
541157
541223
541290
541328
541336
541504
541955
542124
542225
542254
542281
542897
542925
542960
543001
543070
543302
543434
543452
543571
543948
543950
543967
544179
544273
544370
544403
544410
544484
544543
544554
544626
544628
544810
545008
545496
545721
545819
545867
546105
546119
546135
546293
546487
546858
546874
546923
547340
547584
547609
547821
547833
547851
547970
548125
548271
548377
548512
548760
548897
548903
549065
549094
549176
549307
549494
549544
549669
549843
549907
550079
550132
550194
550342
550351
550393
550420
550753
550802
550943
550966
551064
551092
551096
551303
551447
551472
551749
551753
551767
551870
551904
552190
552315
552315
552371
552376
552424
552503
552599
552768
553004
553044
553287
553337
553417
553556
553813
553869
553985
553994
554038
554070
554072
554168
554242
554280
554401
554421
554612
554744
554774
554827
554957
555223
555299
555371
555462
555644
555805
555827
556100
556147
556208
556565
556622
556654
556707
556731
556743
556860
556865
556930
556969
557023
557136
557159
557256
557347
557393
557437
557544
557595
557604
557736
557738
557741
557771
557812
557886
558007
558051
558100
558188
558255
558270
558311
558345
558494
558536
558620
558632
558735
558814
558967
559109
559267
559298
559308
559473
559706
559713
559732
559773
559943
560056
560196
560215
560286
560318
560515
560652
560798
561087
561324
561340
561351
561528
561600
561619
561634
561717
561751
561821
561844
562164
562262
562293
562310
562311
562329
562837
562923
562945
563010
563221
563368
563711
563796
563881
563943
564022
564148
564156
564208
564221
564759
564760
564776
565083
565210
565244
565398
565417
565424
565555
565616
565623
565633
565690
565748
566015
566045
566174
566175
566281
566351
566448
566585
566748
566845
566855
567102
567466
567515
567516
567640
567689
567827
567847
567889
567891
567935
568048
568054
568234
568287
568367
568379
568420
568464
568600
568700
568718
568870
568936
568997
569068
569082
569143
569344
569610
569629
569682
569985
569995
570211
570412
570497
570513
570727
570776
570786
570802
570878
571206
571582
571611
571641
571862
571931
572293
572566
572709
572726
572987
573060
573082
573360
573379
573386
573400
573596
573659
573961
574035
574190
574300
574429
574795
574887
574922
575122
575434
575674
575689
575747
575786
575888
576035
576051
576096
576281
576292
576300
576312
577040
577151
577159
577211
577295
577426
577547
577552
577603
577643
578013
578202
578395
578399
578487
578878
578953
579233
579238
579248
579331
579363
579389
579514
579527
579537
579619
579839
580127
580243
580271
580280
580298
580304
580366
580395
580408
580696
580760
580905
580936
581203
581206
581445
581461
581599
581599
581727
581756
581836
582525
582743
582889
583054
583225
583261
583323
583370
583393
583461
583520
583669
583788
583973
584022
584329
585038
585071
585211
585269
585671
585705
585754
585811
585873
585993
586035
586175
586246
586352
586465
586696
586822
586823
586932
586952
587119
587604
587661
587749
587767
587768
587919
588040
588345
588413
588593
588614
588737
588794
588795
588795
588838
589137
589321
589334
589517
589606
589624
589782
589889
589927
590085
590307
590404
590408
590409
590418
590479
590510
590580
590860
590869
590968
591171
591185
591466
591468
591517
591566
591642
591861
591889
591930
592154
592206
592230
592305
592433
592511
593073
593193
593327
593375
593387
593423
593519
593585
593686
594016
594022
594109
594158
594191
594204
594239
594503
594810
594823
594864
595187
595195
595276
595279
595370
595584
595627
595670
595893
595899
596022
596327
596345
596413
596588
596776
596929
597194
597213
597246
597353
597420
597531
597537
597549
597615
597624
597687
597879
598046
598121
598159
598222
598534
598554
598834
598998
599017
599059
599246
599268
599473
599683
599892
600177
600339
600480
600600
600725
601086
601341
601560
601646
601846
601857
601989
602008
602148
602473
602544
602736
602947
603025
603071
603152
603201
603538
603577
603754
603772
603984
604585
604763
604797
604909
604925
605037
605052
605193
605279
605428
605523
605729
606026
606050
606132
606220
606273
606401
606453
606503
606508
606702
606714
606760
606852
606982
607011
607061
607242
607258
607260
607455
607756
607882
607929
608078
608184
608260
608280
608302
608703
608802
608853
608955
608990
609035
609095
609136
609321
609474
609547
609689
609707
609716
609728
609781
609789
609876
610012
610081
610302
610360
610541
610686
610739
610828
610923
611026
611032
611055
611090
611101
611286
611488
611847
611980
612017
612109
612347
612372
612410
612423
612431
612463
612683
612767
612817
612837
612906
612914
612928
612934
612970
612978
613033
613066
613079
613229
613533
613879
614090
614266
614450
614454
614915
614986
615051
615259
615264
615553
615632
615816
615835
615871
615872
616162
616305
616516
616527
616646
616695
616904
616972
617165
617169
617191
617248
617310
617377
617706
617808
617933
618004
618005
618054
618095
618132
618298
618485
618506
618618
618748
618856
618924
618973
619094
619244
619384
619396
619402
619442
619502
619737
619781
619874
619993
620012
620270
620324
620531
620579
620690
620940
621458
621525
621691
621729
622159
622236
622283
622292
622296
622343
622550
622604
622810
622869
622942
622945
623123
623184
623315
623537
623654
623676
623696
623744
623755
623780
623901
623913
624004
624017
624180
624553
624775
624904
624915
624944
625050
625239
625277
625629
625727
625864
625908
625918
625935
626019
626024
626075
626209
626216
626356
626452
626555
626657
626676
626732
626792
626903
627012
627019
627030
627118
627205
627400
627446
627483
627609
627715
627907
627928
627982
628004
628013
628111
628195
628202
628236
628418
628618
628697
628962
629023
629125
629264
629413
629722
629926
629930
629972
630210
630223
630315
630354
630424
631019
631035
631078
631249
631266
631291
631379
631391
631572
631681
631697
631754
631809
631931
632093
632121
632206
632220
632354
632686
632699
632721
632811
632838
632913
632919
632951
632988
633079
633307
633341
633393
633423
633530
633543
633552
633721
633756
633957
634107
634150
634241
634274
634363
634580
634606
634609
634715
634717
634762
634908
635000
635049
635055
635237
635382
635388
635514
635544
635596
635738
635911
636038
636056
636127
636180
636193
636366
636420
636499
636525
636535
636601
636614
636842
636900
637093
637197
637220
637239
637271
637296
637435
637565
637604
637846
637871
638043
638082
638216
638231
638306
638356
638361
638436
638448
638549
638550
638641
638711
638820
639086
639135
639210
639267
639391
639403
639483
639491
639520
639604
639778
639849
639850
639932
640140
640160
640171
640218
640237
640276
640335
640369
640405
640448
640457
640592
640680
640699
640746
640955
641096
641116
641263
641269
641288
641304
641325
641350
641354
641412
641419
641709
641850
641909
642211
642288
642404
642534
642699
642918
643240
643367
643373
643515
643748
643754
643780
643788
643852
644229
644359
644416
644518
644572
644630
644684
644752
644816
644821
645032
645056
645249
645253
645319
645452
645468
645553
645646
645761
645999
646057
646068
646245
646299
646301
646416
646580
646685
646924
647098
647306
647334
647599
647702
647771
647885
647914
648000
648139
648236
648366
648424
648879
649162
649306
649331
649352
649599
649658
649763
649787
650131
650270
650311
650571
650648
650966
650967
650970
651087
651097
651112
651314
651530
651711
651875
651947
652046
652061
652219
652278
652348
652395
652635
652667
652825
652928
652960
653090
653095
653682
653744
654095
654353
654355
654365
654399
654551
654627
654644
654791
654801
654908
654950
655099
655150
655173
655265
655319
655352
655588
655963
656241
656354
656508
656525
656648
656704
656717
656755
656831
656987
657191
657208
657528
657703
657706
657988
658089
658138
658156
658244
658445
658583
658677
658859
658872
659035
659255
659260
659479
659486
659516
659521
659782
659878
659965
659971
660035
660161
660239
660616
660692
660789
660801
660910
660953
661009
661034
661302
661346
661360
661506
661699
661728
661792
661910
661965
662478
662516
662632
662674
662841
662948
662951
662954
662966
663268
663593
663661
663805
664250
664261
664322
664328
664391
664410
664421
664706
664718
664755
664823
664922
665073
665138
665249
665261
665393
665850
665901
665995
666018
666055
666157
666375
666401
666510
666520
666585
666694
666738
666945
667012
667083
667133
667227
667309
667600
668032
668047
668196
668197
668235
668239
668357
668367
668482
668568
668649
668777
668877
669007
669009
669075
669190
669235
669344
669685
669770
669781
669851
669943
670039
670081
670862
670883
670993
671418
671469
671553
671620
671700
671866
671915
672074
672080
672269
672395
672485
672579
672803
672810
672970
673001
673057
673067
673132
673244
673301
673442
673574
673618
674022
674023
674052
674152
674199
674203
674227
674341
674492
674541
674557
674671
674754
674802
674813
674862
674894
674897
675051
675212
675345
675367
675407
675411
675424
675490
675599
675646
675695
676098
676200
676260
676293
676436
676542
676588
676772
676925
677002
677321
677505
677532
677568
677667
677718
677719
677793
677803
677938
678571
678575
678941
679021
679043
679093
679188
679479
679588
679674
679737
679784
679805
679981
680045
680064
680178
680212
680449
680525
680626
680682
680703
680796
680808
680876
681128
681151
681241
681264
681368
681541
681575
681590
681660
681740
681785
681939
682083
682184
682198
682204
682308
682323
682618
682665
682735
683293
683339
683351
683391
683585
683832
683858
684022
684099
684133
684178
684297
684330
684407
684598
684620
684632
684825
685402
685506
685563
685713
685750
686121
686176
686179
686546
686693
686824
686873
686919
687170
687345
687649
687729
687866
687945
687956
687997
688228
688568
688879
689018
689042
689050
689111
689141
689185
689299
689330
689410
689456
689774
689924
690023
690211
690307
690314
690352
690365
690534
690591
690673
690726
690729
690879
691004
691139
691140
691148
691226
691719
691734
691809
691809
691845
691893
692535
692564
692634
692873
692934
692995
693018
693044
693123
693210
693311
693448
693709
693750
693772
693798
693818
693905
693920
693948
694079
694133
694140
694717
694787
694893
694918
695357
695374
695424
695432
695488
695527
695561
695628
695646
695674
695681
695711
695793
695834
695856
695885
696082
696288
696345
696351
696393
696445
696449
696780
696874
696880
697120
697301
697691
697733
697939
698004
698086
698272
698356
698677
698745
698825
698827
698870
698912
698962
699023
699188
699246
699292
699548
699688
699696
699744
700009
700138
700145
700199
700282
700364
700416
700656
700772
700795
700855
700877
700965
701116
701150
701164
701217
701221
701222
701504
701661
701748
701868
701871
702222
702329
702452
702473
702498
702553
702660
702668
702699
702780
702850
702858
703021
703282
703318
703321
703332
703366
703374
703610
703615
703854
703902
703903
703972
704010
704059
704074
704077
704135
704227
704460
704544
704603
704679
704810
704895
705101
705108
705109
705220
705251
705326
705370
705554
705646
705664
705755
705791
705859
705873
705961
706024
706065
706182
706189
706192
706279
706783
706814
706854
707056
707098
707245
707255
707327
707543
707659
707678
708072
708076
708149
708256
708697
708709
708882
708923
708926
708931
709017
709040
709040
709303
709580
709713
709844
710031
710122
710161
710175
710304
710315
710480
710664
710698
710909
710941
711011
711074
711087
711982
712070
712086
712412
712579
712606
712684
712799
712902
713418
713451
714023
714039
714042
714205
714439
714492
714776
714804
714866
714890
714891
714991
715004
715541
715612
715643
715661
715669
715672
715706
715740
715873
716101
716298
716337
716458
716641
716787
716882
717160
717217
717245
717270
717288
717450
717465
717534
717569
717575
717696
717800
717978
717995
718231
718280
718559
718576
718576
718657
718872
718958
719001
719086
719282
719358
719426
719760
719782
719947
720415
720461
720564
720801
720848
721013
721068
721155
721228
721509
721774
721862
721923
721943
722004
722195
722442
722543
722563
722584
722659
722692
722715
722768
722809
722826
722911
723096
723101
723143
723178
723198
723242
723326
723419
723765
723948
724023
724048
724371
724372
724723
724930
725062
725605
725683
725707
725749
725803
725873
725928
725987
725998
726058
726213
726215
726271
726280
726333
726400
726420
726605
726662
726774
726810
726966
726976
727105
727194
727244
727336
727339
727364
727520
727528
727583
727600
727640
727673
727779
727845
727877
728129
728164
728326
728377
728382
728400
728404
728564
728569
728991
729359
729398
729422
729593
729620
729644
729797
729810
730022
730058
730063
730159
730316
730408
730550
730589
730643
730908
730980
731246
731390
731500
731553
731598
731641
731663
731677
731690
731966
732429
732592
732695
732823
733053
733267
733337
733546
733626
733654
733687
733697
733958
733962
733968
734057
734144
734308
734458
734713
734907
734929
734953
735149
735154
735263
735338
735401
735539
735729
736262
736496
736551
736566
736732
736772
736796
737343
737626
737638
737894
737917
738046
738065
738120
738131
738151
738333
738491
738636
738700
738729
738736
738763
738764
738855
738875
738943
739289
739503
739535
739884
740006
740042
740226
740297
740503
740546
740760
741032
741043
741274
741294
741313
741533
741624
741672
741830
741879
742012
742015
742360
742442
742744
742818
742873
743056
743089
743156
743293
743359
743400
743488
743502
743564
743591
743722
743778
743810
743941
744011
744093
744483
744502
744796
744935
745080
745212
745378
745546
745595
745843
746022
746050
746087
746087
746126
746129
746209
746412
746459
746477
746532
746535
746550
746715
746893
747025
747064
747080
747128
747151
747242
747250
747267
747287
747483
747544
748052
748123
748308
748428
748473
748756
748856
748907
748924
748935
749011
749043
749100
749111
749468
749596
749632
749718
749800
749838
749868
749911
749931
749937
750050
750080
750230
750261
750409
750409
750441
750511
750525
750547
750620
750662
750699
750792
750831
750848
751037
751236
751251
751382
751400
751413
751432
751496
751660
751747
751762
751797
751818
751908
752107
752276
752321
752359
752360
752457
752526
752699
752717
752835
752928
752957
753179
753445
753522
753604
753660
753949
753972
754271
754482
754568
755144
755218
755283
755387
755608
755742
756066
756081
756202
756477
756560
756576
756705
756719
756728
756759
756856
756873
756884
756912
756946
757437
757679
757841
757882
757894
757941
758096
758455
758475
758534
758561
758612
758665
758869
758931
758942
758988
759005
759093
759153
759266
759327
759684
759833
759884
759914
759953
760049
760096
760244
760260
760372
760372
760378
760454
760457
760700
760790
760930
761347
761411
761455
761499
761726
761728
761877
761943
761958
762165
762259
762293
762343
762468
762494
762678
762825
763088
763118
763169
763267
763282
763387
763576
763699
763767
764084
764088
764203
764568
764624
764676
764732
764878
764920
765072
765080
765124
765150
765172
765175
765338
765537
765583
765646
765743
765779
765784
766100
766145
766285
766470
766489
766504
766534
766542
766596
766618
766718
766786
766811
766898
766933
766974
766986
767012
767085
767291
767344
767393
767812
767831
767896
767926
768015
768066
768179
768256
768364
768469
768546
768654
768708
768736
768872
768892
768921
769084
769106
769156
769236
769305
769413
769439
769558
769579
769592
769689
769703
769857
769897
769963
769968
770171
770192
770202
770275
770306
770346
770596
770597
770643
770926
770985
771105
771159
771179
771281
771299
771810
771829
771885
772006
772147
772253
772316
772598
772632
772678
772731
772969
773019
773039
773398
773489
773515
773522
773561
773674
773923
773990
774043
774143
774536
774620
774645
775103
775216
775232
775328
775397
775421
775554
775922
775973
776054
776217
776297
776506
776680
776694
776705
776707
776862
776881
777016
777163
777571
777622
777945
777947
778143
778182
778319
778457
778475
778581
778603
778646
778684
778840
779163
779332
779492
779511
779571
779717
779737
779791
779860
779999
780116
780146
780771
780811
780933
780970
781095
781125
781143
781169
781202
781333
781385
781400
781617
781702
781703
781771
781814
781817
781931
782068
782090
782231
782545
782554
782591
782614
782617
782777
782844
782886
782906
782922
782981
783008
783357
783384
783578
783745
783987
783996
784263
784285
784355
784429
784447
784451
784554
784634
784642
784856
784932
784969
785030
785046
785047
785054
785123
785184
785486
785649
785752
785877
785897
786029
786076
786345
786361
786474
786517
786563
786603
786624
786827
786912
787038
787135
787182
787223
787262
787297
787356
787460
787476
787504
787541
787570
787665
787684
787981
788065
788119
788160
788335
788568
788599
788630
788769
789004
789031
789075
789105
789137
789234
789303
789319
789345
789562
789564
789604
789766
789877
789915
790008
790090
790254
790313
790417
790493
790523
790721
790780
791062
791151
791227
791232
791612
791619
791621
791720
791864
791975
792031
792034
792163
792205
792378
792492
792888
793153
793208
793228
793268
793271
793297
793469
793549
793550
793577
793750
793863
794020
794065
794095
794360
794397
794481
794483
794550
794594
794598
794608
794781
795158
795331
795441
795442
795630
795858
795873
796127
796153
796251
796297
796381
796395
796422
796458
796671
796691
796757
797083
797123
797332
797413
797486
797510
797549
797748
797829
797874
797916
798143
798167
798186
798370
798455
798477
798487
798582
798612
798627
798656
798666
798723
798780
798795
798840
798863
798959
799010
799056
799237
799264
799325
799625
799635
799731
799745
799819
799868
800017
800163
800294
800325
800379
800525
800610
800671
800675
800746
800883
801060
801093
801181
801209
801228
801292
801296
801336
801547
801555
801581
801915
801951
802078
802216
802317
802376
802562
802619
802669
802808
802855
802925
803080
803188
803276
803409
803577
803667
803684
803850
804048
804072
804164
804287
804424
804527
804627
804917
804971
805044
805055
805110
805186
805245
805484
805783
805785
805920
805976
806078
806173
806179
806208
806274
806660
806807
806852
806893
806905
806906
806912
807078
807163
807241
807323
807403
807466
807475
807578
807647
807841
807920
808076
808160
808203
808622
808719
808772
808790
808896
809184
809204
809419
809688
809809
809815
809858
809899
810114
810246
810261
810268
810378
810695
810851
811258
811343
811460
811609
811654
811716
811736
811854
812025
812254
812276
812342
812361
812392
812521
812655
812679
812789
812887
812959
812964
812983
813014
813148
813175
813330
813367
813542
813848
813850
813950
814378
814401
814604
814859
814875
814964
815161
815227
815262
815880
815942
816089
816151
816255
816255
816281
816453
816593
816623
816627
816651
816843
816885
817016
817049
817226
817239
817318
817388
817431
817437
817661
817666
817722
817818
817839
817849
817851
817886
818152
818298
818502
818651
818678
818706
818773
818942
819074
819134
819272
819364
819418
819685
819877
819920
820014
820174
820207
820207
820276
820341
820403
820477
820644
820708
821215
821227
821234
821266
821281
821351
821376
821437
821537
821771
821921
822282
822339
822345
822507
822514
822753
822754
822909
823120
823298
823320
823410
823447
823494
823603
823873
823914
823925
823927
823940
823966
823994
824005
824033
824036
824112
824130
824163
824166
824432
824483
824617
824679
824786
824797
825155
825273
825276
825292
825382
825574
825582
825817
825846
826128
826180
826466
826485
826548
826555
826609
826672
826680
826683
826740
826807
826851
826933
826943
826989
827527
827823
828022
828032
828040
828061
828278
828318
828505
828529
828575
828624
828639
828647
828975
829090
829159
829194
829314
829382
829398
829461
829515
829577
829704
829809
830101
830246
830681
830937
831066
831144
831194
831269
831290
831293
831325
831373
831390
831397
831527
831594
831705
831890
831986
832053
832199
832355
832443
832730
833105
833213
833345
833373
833538
833778
833825
833884
834248
834314
834345
834521
834907
835090
835122
835130
835163
835243
835296
835342
835434
835480
835604
835649
835708
835721
835845
835889
835942
836006
836068
836083
836410
836490
836617
836655
836657
836700
836785
836797
836873
836976
837019
837247
837300
837642
837673
837745
837763
837837
837852
837940
837972
838088
838429
838564
838603
838850
838873
839020
839312
839570
839698
839703
839844
840027
840180
840340
840395
840410
840628
840808
840826
840840
840844
841212
841274
841488
841560
841580
841633
841667
841904
841907
842004
842181
842204
842315
842624
842673
842697
842772
842804
842828
842868
843027
843047
843218
843453
843859
843917
844120
844471
844563
844649
844778
844792
844797
844806
845272
845581
845909
845914
846030
846080
846334
846453
846553
846571
846766
846810
846928
847057
847190
847505
847526
847558
847846
848049
848063
848115
848314
848545
848621
848659
848680
848823
848845
848908
848939
849064
849136
849185
849296
849305
849348
849358
849361
849448
849468
849471
849570
849572
849818
849981
850137
850315
850533
850539
850549
850549
850592
850714
851001
851065
851066
851114
851176
851299
851316
851538
851653
851681
851685
851697
851846
852034
852179
852231
852307
852325
852447
852560
852645
852664
852711
852726
852772
852834
852847
852902
852971
852989
853116
853131
853294
853442
853505
853756
854000
854376
854621
854639
854718
855106
855123
855255
855319
855525
855665
855723
855906
855947
856042
856102
856135
856153
856182
856251
856266
856276
856285
856294
856360
856461
856476
856516
856611
856893
856969
857045
857049
857201
857496
857509
857666
857723
857727
857763
857976
858040
858157
858217
858317
858366
858406
858431
858459
858472
858519
858604
858671
858728
858738
858838
858845
858909
859089
859123
859179
859352
859409
859424
859537
859682
859722
859764
859836
860142
860216
860354
860672
860761
860774
860918
860945
860991
861011
861018
861097
861098
861562
861738
861842
861915
861985
861988
862025
862071
862101
862190
862202
862284
862354
862416
862417
862579
862600
862668
862709
862718
862719
862734
862796
862857
862889
862902
863018
863128
863178
863193
863328
863388
863419
863676
863800
863827
863835
863915
863922
864089
864201
864352
864386
864398
864427
864452
864511
864572
864656
865013
865280
865315
865457
865503
865535
865638
865643
865649
865726
865735
865772
865841
865898
865953
865955
866274
866299
866313
866365
866445
866556
866622
866649
867002
867076
867280
867381
867433
867494
867567
867634
867689
867703
867732
867763
867863
867912
868196
868317
868332
868359
868447
868564
868624
868743
868752
868857
868915
869080
869144
869150
869178
869276
870029
870335
870435
870656
870717
870877
870933
870953
871071
871145
871165
871182
871319
871354
871436
871484
871524
871557
871733
871762
871801
871861
871865
871894
872027
872043
872061
872128
872144
872281
872445
872619
872671
872819
872842
872968
872987
873145
873239
873249
873310
873399
873414
873544
873695
873710
873738
873879
873969
874178
874194
874316
874342
874363
874406
874430
874449
874502
874613
874660
874668
874681
874706
874749
875016
875122
875185
875203
875255
875409
875441
875502
875680
875709
875783
875964
875994
876019
876024
876065
876140
876261
876358
876455
876603
876621
876631
876696
876896
876937
877350
877472
877498
877684
877716
877914
877954
877970
878043
878066
878080
878148
878233
878278
878492
878548
878763
878843
878853
879032
879085
879201
879280
879389
879437
879456
879754
879774
879793
879878
879966
879970
880070
880204
880318
880371
880371
880567
880682
880775
880788
880914
881054
881085
881143
881167
881270
881325
881393
881455
881516
881524
881556
881690
881754
881754
881836
881863
881996
882007
882321
882341
882466
882479
882521
882682
882980
883046
883243
883434
883457
883783
883909
883935
883965
884124
884364
884405
884457
884479
884551
884668
884728
884730
884731
884764
884783
884790
884804
884842
884853
885078
885231
885282
885307
885379
885408
885467
885625
885653
885753
885779
885843
885893
886179
886255
886579
887030
887041
887185
887266
887341
887586
887694
888124
888216
888217
888299
888612
888659
888753
888763
888780
888780
888958
889001
889007
889048
889082
889086
889115
889403
889430
889517
889662
889783
890068
890127
890205
890285
890438
890445
890499
891186
891243
891282
891349
891353
891648
891893
891970
892247
892275
892301
892439
892448
892607
892826
892893
892903
893182
893352
893389
893422
893579
893635
893731
893894
893954
894060
894072
894155
894189
894283
894339
894403
894413
894521
894629
894652
894671
894778
894794
894868
894953
894988
895311
895341
895370
895490
895536
895569
895691
896242
896271
896659
896897
897044
897128
897180
897542
897548
897606
897639
897770
897809
898030
898035
898040
898062
898063
898211
898268
898270
898329
898534
898602
898870
898874
898877
898951
899097
899191
899243
899272
899420
899470
899616
899642
899647
899684
899783
899785
899828
899986
900261
900277
900424
900467
900884
900946
900960
901090
901097
901136
901212
901432
901442
901461
901506
901543
901566
901742
901746
901828
901982
902028
902110
902214
902301
902320
902567
902861
902900
902933
903044
903119
903155
903220
903235
903297
903322
903435
903542
903818
903841
903937
904038
904121
904436
904473
904511
904583
904724
904726
904885
905082
905228
905249
905438
905568
905603
905890
905929
905943
905961
906006
906063
906064
906081
906202
906250
906338
906412
906445
906552
906571
906623
906648
906712
906770
906776
906934
907226
907288
907449
907505
907519
907599
907673
907800
907907
907987
908065
908091
908127
908160
908353
908404
908707
908742
908830
909126
909496
909559
909567
909768
909792
910017
910196
910200
910301
910307
910386
910599
910632
911029
911053
911102
911127
911174
911404
911663
911665
912059
912100
912364
912596
912931
913089
913256
913675
913883
913942
913965
913984
914358
914425
914699
914833
914837
914968
915019
915371
915450
915650
915677
915848
915962
916439
916554
916805
916837
916888
916930
917225
917232
917249
917601
917626
917739
917795
917883
917909
918221
918445
918682
918858
918978
919055
919192
919305
919310
919346
919597
919619
919725
919736
919763
919787
919934
919974
920007
920099
920261
920369
920537
920540
920711
920724
920731
920763
920900
921091
921235
921255
921278
921329
921807
921845
921866
921879
921931
922023
922165
922178
922256
922343
922457
922636
922742
922805
922848
922950
923029
923131
923201
923350
923410
923911
924118
924249
924711
924716
924812
924852
924948
925197
925233
925355
925429
925619
925622
925698
925708
925850
925859
925866
925872
926012
926158
926232
926378
926423
926579
926598
926825
927011
927247
927312
927320
927330
927370
927590
927671
927783
927843
927926
928027
928050
928158
928206
928344
928353
928364
928368
928405
928421
928452
928636
928653
928698
928763
928832
928872
928938
929036
929140
929151
929266
929290
929304
929397
929437
929496
929498
929541
929763
929899
930042
930184
930197
930249
930589
930589
930631
930644
930775
930847
930856
930882
930890
931351
931411
931539
931550
931554
931567
931606
931698
931738
931812
931817
932001
932012
932156
932157
932185
932467
932473
932724
932744
932761
932894
933056
933109
933121
933211
933299
933319
933365
933439
933577
933594
933607
933682
933724
933769
934054
934119
934324
934442
934524
934551
934582
934586
934636
934649
934943
934996
935039
935098
935148
935163
935185
935232
935232
935434
935671
935677
935698
935699
935748
935755
935785
935949
936032
936047
936082
936120
936131
936454
936489
936568
936631
936710
936749
936785
936878
936946
937194
937238
937317
937327
937415
937448
937474
937570
937685
937771
937914
937966
937996
938023
938130
938199
938203
938420
938513
938523
938614
938657
938699
938811
938823
938877
938998
939064
939076
939162
939187
939270
939310
939372
939410
939526
939580
939679
939682
939693
939699
940001
940038
940269
940389
940463
940486
940779
940930
940985
941171
941175
941312
941323
941323
941449
941464
941475
941580
941833
942044
942156
942264
942368
942488
942572
942588
942818
942879
942908
943022
943135
943394
943459
943548
943646
943666
943672
943827
943958
943962
943970
944370
944379
944438
944587
944934
944972
944979
944990
944992
945058
945079
945110
945169
945170
945299
945325
945365
945454
945542
945678
945977
946042
946099
946207
946272
946456
946490
946637
946697
946764
946926
946953
946967
946992
947095
947242
947278
947296
947336
947421
947497
947567
947717
947757
947814
947918
948112
948166
948224
948306
948328
948388
948423
948490
948598
948614
948680
948787
949201
949244
949267
949489
949693
949931
949961
950076
950126
950268
950366
950409
950436
950595
950627
950784
950788
950814
950928
951174
951196
951204
951275
951498
951577
951681
951763
951781
951791
951841
951997
952043
952140
952177
952332
952598
952626
952729
952883
952889
952940
953060
953174
953199
953391
953596
953597
953629
953717
953724
953864
954043
954113
954263
954654
954780
954866
954921
954937
955162
955297
955407
955611
955755
955848
955904
956041
956233
956353
956590
956591
956599
956627
956780
956781
957149
957157
957260
957281
957376
957396
957478
957569
957621
957634
957703
957713
957749
957766
957780
957926
957946
958038
958187
958192
958236
958236
958281
958323
958426
958464
958770
958829
958855
958891
959075
959121
959314
959392
959645
959718
959746
959813
959824
959879
960032
960150
960189
960315
960336
960516
960871
961019
961410
961474
961724
961950
962220
962233
962382
962614
962741
962814
962939
963020
963032
963169
963205
963377
963387
963444
963451
963539
963575
963624
963719
963721
963790
963791
963911
963978
964076
964125
964204
964363
964392
964478
964630
964635
964667
964699
964709
964725
964816
965007
965177
965217
965288
965345
965354
965409
965415
965522
965738
965775
965786
965911
966048
966057
966247
966330
966394
966439
966554
966733
966831
967045
967227
967233
967288
967337
967346
967497
967712
967837
967877
967993
967998
968160
968218
968326
968362
968368
968442
968487
968487
968516
968561
968703
968802
968959
968984
969088
969238
969284
969512
969693
969730
970143
970172
970291
970337
970541
970606
970633
970716
970831
971184
971286
971476
971677
971733
971813
971861
972033
972066
972321
972344
972441
972448
972506
972639
972854
972955
973056
973103
973104
973154
973199
973442
973449
973467
973503
973510
973512
973668
973714
973871
973882
973906
973948
973979
974077
974093
974433
974543
974547
974747
974846
974868
975264
975398
975469
975555
975735
975799
975921
976015
976071
976358
976369
976372
976432
976461
976650
976696
976716
976782
976861
977145
977166
977195
977253
977353
977509
977647
977865
977916
977948
978088
978231
978237
978242
978296
978344
978490
978569
978600
978608
978668
978711
978833
978847
979061
979164
979418
979453
979478
979642
979799
980109
980112
980165
980194
980201
980770
980951
980975
981166
981235
981290
981297
981411
981474
981542
981547
981662
981826
982012
982111
982319
982370
982389
982817
982960
983047
983101
983409
983515
983579
983699
983837
983909
984007
984438
984531
984608
984725
984731
984843
985040
985118
985153
985155
985169
985548
985623
985653
985710
985730
985873
986017
986202
986246
986376
986650
986727
986923
986968
987014
987099
987154
987251
987306
987409
987424
987461
987482
987488
987814
988158
988385
988414
988446
988599
988604
988688
988752
988765
988774
988816
989110
989221
989264
989355
989396
989443
989476
989533
989675
990288
990374
990477
990567
990624
990832
990863
991249
991276
991359
991447
991522
991633
991667
991928
991970
992005
992033
992106
992143
992177
992210
992258
992334
992539
992547
992640
992799
992837
992919
992976
993005
993084
993257
993356
993998
994179
994304
994577
994630
994666
994762
994828
994869
994950
995018
995169
995216
995249
995314
995322
995344
995392
995468
995731
995806
995932
995986
996256
996301
996564
996754
996768
996882
997005
997114
997160
997358
997769
997876
997930
997965
998073
998078
998103
998164
998364
998511
998606
998792
998877
999032
999094
999407
999576
999657
999768
999818
